-116.84559416088575
[[ 0.          0.          0.        ]
 [ 0.          0.          0.        ]
 [ 0.          0.          0.        ]
 [ 0.          0.          0.        ]
 [ 0.          0.          0.        ]
 [ 0.          0.          0.        ]
 [-0.019181    0.04074949 -0.0555894 ]
 [ 0.          0.          0.        ]
 [ 0.          0.          0.        ]
 [-0.00928111 -0.01016304 -0.00629729]
 [-0.00602317 -0.00496175  0.01845454]
 [ 0.          0.          0.        ]
 [ 0.00494899 -0.00341451  0.01963241]
 [ 0.03457211 -0.0016273   0.01445377]
 [ 0.          0.          0.        ]
 [ 0.          0.          0.        ]
 [-0.00132586 -0.01367576  0.01410556]
 [ 0.          0.          0.        ]
 [ 0.          0.          0.        ]
 [ 0.          0.          0.        ]
 [ 0.          0.          0.        ]
 [ 0.          0.          0.        ]
 [ 0.          0.          0.        ]
 [ 0.          0.          0.        ]
 [ 0.          0.          0.        ]
 [ 0.          0.          0.        ]
 [ 0.          0.          0.        ]
 [ 0.          0.          0.        ]
 [ 0.          0.          0.        ]
 [ 0.          0.          0.        ]
 [ 0.          0.          0.        ]
 [ 0.          0.          0.        ]
 [ 0.          0.          0.        ]
 [ 0.          0.          0.        ]
 [ 0.          0.          0.        ]
 [ 0.          0.          0.        ]
 [ 0.          0.          0.        ]
 [ 0.          0.          0.        ]
 [ 0.          0.          0.        ]
 [ 0.          0.          0.        ]
 [ 0.          0.          0.        ]
 [ 0.          0.          0.        ]
 [ 0.          0.          0.        ]
 [ 0.00207939  0.00178932 -0.01210577]
 [ 0.          0.          0.        ]
 [ 0.          0.          0.        ]
 [ 0.          0.          0.        ]
 [ 0.          0.          0.        ]
 [ 0.          0.          0.        ]
 [ 0.          0.          0.        ]
 [ 0.          0.          0.        ]
 [ 0.          0.          0.        ]
 [ 0.          0.          0.        ]
 [ 0.          0.          0.        ]
 [ 0.          0.          0.        ]
 [ 0.          0.          0.        ]
 [ 0.          0.          0.        ]
 [ 0.          0.          0.        ]
 [ 0.          0.          0.        ]
 [ 0.          0.          0.        ]
 [ 0.          0.          0.        ]
 [ 0.          0.          0.        ]
 [ 0.          0.          0.        ]
 [ 0.          0.          0.        ]
 [ 0.          0.          0.        ]
 [ 0.          0.          0.        ]
 [ 0.          0.          0.        ]
 [ 0.          0.          0.        ]
 [ 0.          0.          0.        ]
 [ 0.          0.          0.        ]
 [ 0.          0.          0.        ]
 [ 0.          0.          0.        ]
 [ 0.          0.          0.        ]
 [ 0.          0.          0.        ]
 [ 0.          0.          0.        ]
 [ 0.          0.          0.        ]
 [ 0.          0.          0.        ]
 [ 0.          0.          0.        ]
 [ 0.          0.          0.        ]
 [ 0.          0.          0.        ]
 [ 0.          0.          0.        ]
 [-0.00320682 -0.00380663  0.00170028]
 [-0.00420386 -0.00520785  0.00342391]
 [ 0.          0.          0.        ]
 [ 0.00265341  0.00198534  0.00151593]
 [-0.00103207 -0.00166732  0.00070606]
 [ 0.          0.          0.        ]
 [ 0.          0.          0.        ]
 [ 0.          0.          0.        ]
 [ 0.          0.          0.        ]
 [ 0.          0.          0.        ]
 [ 0.          0.          0.        ]
 [ 0.          0.          0.        ]
 [ 0.          0.          0.        ]
 [ 0.          0.          0.        ]
 [ 0.          0.          0.        ]
 [ 0.          0.          0.        ]
 [ 0.          0.          0.        ]
 [ 0.          0.          0.        ]
 [ 0.          0.          0.        ]
 [ 0.          0.          0.        ]
 [ 0.          0.          0.        ]
 [ 0.          0.          0.        ]
 [ 0.          0.          0.        ]
 [ 0.          0.          0.        ]
 [ 0.          0.          0.        ]
 [ 0.          0.          0.        ]
 [ 0.          0.          0.        ]
 [ 0.          0.          0.        ]
 [ 0.          0.          0.        ]
 [ 0.          0.          0.        ]
 [ 0.          0.          0.        ]
 [ 0.          0.          0.        ]
 [ 0.          0.          0.        ]
 [ 0.          0.          0.        ]
 [ 0.          0.          0.        ]
 [ 0.          0.          0.        ]
 [ 0.          0.          0.        ]
 [ 0.          0.          0.        ]
 [ 0.          0.          0.        ]
 [ 0.          0.          0.        ]
 [ 0.          0.          0.        ]
 [ 0.          0.          0.        ]
 [ 0.          0.          0.        ]
 [ 0.          0.          0.        ]
 [ 0.          0.          0.        ]
 [ 0.          0.          0.        ]
 [ 0.          0.          0.        ]
 [ 0.          0.          0.        ]
 [ 0.          0.          0.        ]
 [ 0.          0.          0.        ]
 [ 0.          0.          0.        ]
 [ 0.          0.          0.        ]
 [ 0.          0.          0.        ]
 [ 0.          0.          0.        ]
 [ 0.          0.          0.        ]
 [ 0.          0.          0.        ]
 [ 0.          0.          0.        ]
 [ 0.          0.          0.        ]
 [ 0.          0.          0.        ]
 [ 0.          0.          0.        ]
 [ 0.          0.          0.        ]
 [ 0.          0.          0.        ]
 [ 0.          0.          0.        ]
 [ 0.          0.          0.        ]
 [ 0.          0.          0.        ]
 [ 0.          0.          0.        ]
 [ 0.          0.          0.        ]
 [ 0.          0.          0.        ]
 [ 0.          0.          0.        ]
 [ 0.          0.          0.        ]]