78.30007226473062
[[-0.00000000e+00 -0.00000000e+00 -0.00000000e+00]
 [-0.00000000e+00 -0.00000000e+00 -0.00000000e+00]
 [-0.00000000e+00 -0.00000000e+00 -0.00000000e+00]
 [-0.00000000e+00 -0.00000000e+00 -0.00000000e+00]
 [-0.00000000e+00 -0.00000000e+00 -0.00000000e+00]
 [-0.00000000e+00 -0.00000000e+00 -0.00000000e+00]
 [-0.00000000e+00 -0.00000000e+00 -0.00000000e+00]
 [-0.00000000e+00 -0.00000000e+00 -0.00000000e+00]
 [-0.00000000e+00 -0.00000000e+00 -0.00000000e+00]
 [-0.00000000e+00 -0.00000000e+00 -0.00000000e+00]
 [-0.00000000e+00 -0.00000000e+00 -0.00000000e+00]
 [-0.00000000e+00 -0.00000000e+00 -0.00000000e+00]
 [-0.00000000e+00 -0.00000000e+00 -0.00000000e+00]
 [-0.00000000e+00 -0.00000000e+00 -0.00000000e+00]
 [-0.00000000e+00 -0.00000000e+00 -0.00000000e+00]
 [-0.00000000e+00 -0.00000000e+00 -0.00000000e+00]
 [-0.00000000e+00 -0.00000000e+00 -0.00000000e+00]
 [-0.00000000e+00 -0.00000000e+00 -0.00000000e+00]
 [-0.00000000e+00 -0.00000000e+00 -0.00000000e+00]
 [-0.00000000e+00 -0.00000000e+00 -0.00000000e+00]
 [-0.00000000e+00 -0.00000000e+00 -0.00000000e+00]
 [-0.00000000e+00 -0.00000000e+00 -0.00000000e+00]
 [-0.00000000e+00 -0.00000000e+00 -0.00000000e+00]
 [-0.00000000e+00 -0.00000000e+00 -0.00000000e+00]
 [-0.00000000e+00 -0.00000000e+00 -0.00000000e+00]
 [-0.00000000e+00 -0.00000000e+00 -0.00000000e+00]
 [-0.00000000e+00 -0.00000000e+00 -0.00000000e+00]
 [-0.00000000e+00 -0.00000000e+00 -0.00000000e+00]
 [-0.00000000e+00 -0.00000000e+00 -0.00000000e+00]
 [-0.00000000e+00 -0.00000000e+00 -0.00000000e+00]
 [-0.00000000e+00 -0.00000000e+00 -0.00000000e+00]
 [-0.00000000e+00 -0.00000000e+00 -0.00000000e+00]
 [-0.00000000e+00 -0.00000000e+00 -0.00000000e+00]
 [-0.00000000e+00 -0.00000000e+00 -0.00000000e+00]
 [-0.00000000e+00 -0.00000000e+00 -0.00000000e+00]
 [-0.00000000e+00 -0.00000000e+00 -0.00000000e+00]
 [-0.00000000e+00 -0.00000000e+00 -0.00000000e+00]
 [-0.00000000e+00 -0.00000000e+00 -0.00000000e+00]
 [-0.00000000e+00 -0.00000000e+00 -0.00000000e+00]
 [-0.00000000e+00 -0.00000000e+00 -0.00000000e+00]
 [-0.00000000e+00 -0.00000000e+00 -0.00000000e+00]
 [-0.00000000e+00 -0.00000000e+00 -0.00000000e+00]
 [-0.00000000e+00 -0.00000000e+00 -0.00000000e+00]
 [-0.00000000e+00 -0.00000000e+00 -0.00000000e+00]
 [-0.00000000e+00 -0.00000000e+00 -0.00000000e+00]
 [-1.14287636e-02  1.78231345e-02 -1.30400274e-02]
 [-0.00000000e+00 -0.00000000e+00 -0.00000000e+00]
 [-0.00000000e+00 -0.00000000e+00 -0.00000000e+00]
 [-0.00000000e+00 -0.00000000e+00 -0.00000000e+00]
 [-0.00000000e+00 -0.00000000e+00 -0.00000000e+00]
 [-0.00000000e+00 -0.00000000e+00 -0.00000000e+00]
 [-0.00000000e+00 -0.00000000e+00 -0.00000000e+00]
 [-0.00000000e+00 -0.00000000e+00 -0.00000000e+00]
 [-0.00000000e+00 -0.00000000e+00 -0.00000000e+00]
 [-0.00000000e+00 -0.00000000e+00 -0.00000000e+00]
 [-3.30734103e-03  8.93876550e-03  7.23269524e-03]
 [-0.00000000e+00 -0.00000000e+00 -0.00000000e+00]
 [ 1.19337789e-02 -9.41232097e-03  1.06726636e-02]
 [-0.00000000e+00 -0.00000000e+00 -0.00000000e+00]
 [ 8.96362966e-03  1.22850293e-02  1.46223288e-02]
 [ 9.13518277e-03 -1.54622702e-02 -7.76315713e-03]
 [-7.15376646e-03 -4.55893332e-03  1.48440758e-03]
 [-0.00000000e+00 -0.00000000e+00 -0.00000000e+00]
 [-0.00000000e+00 -0.00000000e+00 -0.00000000e+00]
 [-2.92826666e-03 -6.82715232e-05 -5.32264579e-03]
 [-0.00000000e+00 -0.00000000e+00 -0.00000000e+00]
 [-5.21445359e-03 -9.54513331e-03 -7.88626496e-03]
 [-0.00000000e+00 -0.00000000e+00 -0.00000000e+00]
 [-0.00000000e+00 -0.00000000e+00 -0.00000000e+00]
 [-0.00000000e+00 -0.00000000e+00 -0.00000000e+00]
 [-0.00000000e+00 -0.00000000e+00 -0.00000000e+00]
 [-0.00000000e+00 -0.00000000e+00 -0.00000000e+00]
 [-0.00000000e+00 -0.00000000e+00 -0.00000000e+00]
 [-0.00000000e+00 -0.00000000e+00 -0.00000000e+00]
 [-0.00000000e+00 -0.00000000e+00 -0.00000000e+00]
 [-0.00000000e+00 -0.00000000e+00 -0.00000000e+00]
 [-0.00000000e+00 -0.00000000e+00 -0.00000000e+00]
 [-0.00000000e+00 -0.00000000e+00 -0.00000000e+00]
 [-0.00000000e+00 -0.00000000e+00 -0.00000000e+00]
 [-0.00000000e+00 -0.00000000e+00 -0.00000000e+00]
 [-0.00000000e+00 -0.00000000e+00 -0.00000000e+00]
 [-0.00000000e+00 -0.00000000e+00 -0.00000000e+00]
 [-0.00000000e+00 -0.00000000e+00 -0.00000000e+00]
 [-0.00000000e+00 -0.00000000e+00 -0.00000000e+00]
 [-0.00000000e+00 -0.00000000e+00 -0.00000000e+00]
 [-0.00000000e+00 -0.00000000e+00 -0.00000000e+00]
 [-0.00000000e+00 -0.00000000e+00 -0.00000000e+00]
 [-0.00000000e+00 -0.00000000e+00 -0.00000000e+00]
 [-0.00000000e+00 -0.00000000e+00 -0.00000000e+00]
 [-0.00000000e+00 -0.00000000e+00 -0.00000000e+00]
 [-0.00000000e+00 -0.00000000e+00 -0.00000000e+00]
 [-0.00000000e+00 -0.00000000e+00 -0.00000000e+00]
 [-0.00000000e+00 -0.00000000e+00 -0.00000000e+00]
 [-0.00000000e+00 -0.00000000e+00 -0.00000000e+00]
 [-0.00000000e+00 -0.00000000e+00 -0.00000000e+00]
 [-0.00000000e+00 -0.00000000e+00 -0.00000000e+00]
 [-0.00000000e+00 -0.00000000e+00 -0.00000000e+00]
 [-0.00000000e+00 -0.00000000e+00 -0.00000000e+00]
 [-0.00000000e+00 -0.00000000e+00 -0.00000000e+00]
 [-0.00000000e+00 -0.00000000e+00 -0.00000000e+00]
 [-0.00000000e+00 -0.00000000e+00 -0.00000000e+00]
 [-0.00000000e+00 -0.00000000e+00 -0.00000000e+00]
 [-0.00000000e+00 -0.00000000e+00 -0.00000000e+00]
 [-0.00000000e+00 -0.00000000e+00 -0.00000000e+00]
 [-0.00000000e+00 -0.00000000e+00 -0.00000000e+00]
 [-0.00000000e+00 -0.00000000e+00 -0.00000000e+00]
 [-0.00000000e+00 -0.00000000e+00 -0.00000000e+00]
 [-0.00000000e+00 -0.00000000e+00 -0.00000000e+00]
 [-0.00000000e+00 -0.00000000e+00 -0.00000000e+00]
 [-0.00000000e+00 -0.00000000e+00 -0.00000000e+00]
 [-0.00000000e+00 -0.00000000e+00 -0.00000000e+00]
 [-0.00000000e+00 -0.00000000e+00 -0.00000000e+00]
 [-0.00000000e+00 -0.00000000e+00 -0.00000000e+00]
 [-0.00000000e+00 -0.00000000e+00 -0.00000000e+00]
 [-0.00000000e+00 -0.00000000e+00 -0.00000000e+00]
 [-0.00000000e+00 -0.00000000e+00 -0.00000000e+00]
 [-0.00000000e+00 -0.00000000e+00 -0.00000000e+00]
 [-0.00000000e+00 -0.00000000e+00 -0.00000000e+00]
 [-0.00000000e+00 -0.00000000e+00 -0.00000000e+00]
 [-0.00000000e+00 -0.00000000e+00 -0.00000000e+00]
 [-0.00000000e+00 -0.00000000e+00 -0.00000000e+00]
 [-0.00000000e+00 -0.00000000e+00 -0.00000000e+00]
 [-0.00000000e+00 -0.00000000e+00 -0.00000000e+00]
 [-0.00000000e+00 -0.00000000e+00 -0.00000000e+00]
 [-0.00000000e+00 -0.00000000e+00 -0.00000000e+00]
 [-0.00000000e+00 -0.00000000e+00 -0.00000000e+00]
 [-0.00000000e+00 -0.00000000e+00 -0.00000000e+00]
 [-0.00000000e+00 -0.00000000e+00 -0.00000000e+00]
 [-0.00000000e+00 -0.00000000e+00 -0.00000000e+00]
 [-0.00000000e+00 -0.00000000e+00 -0.00000000e+00]
 [-0.00000000e+00 -0.00000000e+00 -0.00000000e+00]
 [-0.00000000e+00 -0.00000000e+00 -0.00000000e+00]
 [-0.00000000e+00 -0.00000000e+00 -0.00000000e+00]
 [-0.00000000e+00 -0.00000000e+00 -0.00000000e+00]
 [-0.00000000e+00 -0.00000000e+00 -0.00000000e+00]
 [-0.00000000e+00 -0.00000000e+00 -0.00000000e+00]
 [-0.00000000e+00 -0.00000000e+00 -0.00000000e+00]
 [-0.00000000e+00 -0.00000000e+00 -0.00000000e+00]
 [-0.00000000e+00 -0.00000000e+00 -0.00000000e+00]
 [-0.00000000e+00 -0.00000000e+00 -0.00000000e+00]
 [-0.00000000e+00 -0.00000000e+00 -0.00000000e+00]
 [-0.00000000e+00 -0.00000000e+00 -0.00000000e+00]
 [-0.00000000e+00 -0.00000000e+00 -0.00000000e+00]
 [-0.00000000e+00 -0.00000000e+00 -0.00000000e+00]
 [-0.00000000e+00 -0.00000000e+00 -0.00000000e+00]
 [-0.00000000e+00 -0.00000000e+00 -0.00000000e+00]
 [-0.00000000e+00 -0.00000000e+00 -0.00000000e+00]
 [-0.00000000e+00 -0.00000000e+00 -0.00000000e+00]
 [-0.00000000e+00 -0.00000000e+00 -0.00000000e+00]
 [-0.00000000e+00 -0.00000000e+00 -0.00000000e+00]
 [-0.00000000e+00 -0.00000000e+00 -0.00000000e+00]]