78.30287747271859
[[-0.         -0.         -0.        ]
 [-0.         -0.         -0.        ]
 [-0.         -0.         -0.        ]
 [-0.         -0.         -0.        ]
 [-0.         -0.         -0.        ]
 [-0.         -0.         -0.        ]
 [-0.         -0.         -0.        ]
 [-0.         -0.         -0.        ]
 [-0.         -0.         -0.        ]
 [-0.         -0.         -0.        ]
 [-0.         -0.         -0.        ]
 [-0.         -0.         -0.        ]
 [-0.         -0.         -0.        ]
 [-0.         -0.         -0.        ]
 [-0.         -0.         -0.        ]
 [-0.         -0.         -0.        ]
 [-0.         -0.         -0.        ]
 [-0.         -0.         -0.        ]
 [-0.         -0.         -0.        ]
 [-0.         -0.         -0.        ]
 [-0.         -0.         -0.        ]
 [ 0.00874825  0.00823965 -0.01354839]
 [-0.         -0.         -0.        ]
 [-0.         -0.         -0.        ]
 [ 0.00809029 -0.0058581   0.00903281]
 [-0.         -0.         -0.        ]
 [-0.         -0.         -0.        ]
 [-0.         -0.         -0.        ]
 [-0.         -0.         -0.        ]
 [-0.         -0.         -0.        ]
 [-0.         -0.         -0.        ]
 [-0.         -0.         -0.        ]
 [-0.         -0.         -0.        ]
 [-0.         -0.         -0.        ]
 [-0.         -0.         -0.        ]
 [-0.         -0.         -0.        ]
 [-0.         -0.         -0.        ]
 [-0.         -0.         -0.        ]
 [-0.         -0.         -0.        ]
 [-0.         -0.         -0.        ]
 [-0.         -0.         -0.        ]
 [-0.         -0.         -0.        ]
 [-0.         -0.         -0.        ]
 [-0.         -0.         -0.        ]
 [-0.         -0.         -0.        ]
 [-0.         -0.         -0.        ]
 [-0.         -0.         -0.        ]
 [-0.         -0.         -0.        ]
 [-0.         -0.         -0.        ]
 [-0.         -0.         -0.        ]
 [-0.         -0.         -0.        ]
 [-0.         -0.         -0.        ]
 [ 0.00660721 -0.00338249  0.00468433]
 [-0.         -0.         -0.        ]
 [-0.0047523  -0.00919992  0.00760818]
 [-0.         -0.         -0.        ]
 [-0.0098476   0.00258058  0.00646468]
 [-0.00302536 -0.00205344 -0.00323036]
 [-0.         -0.         -0.        ]
 [-0.         -0.         -0.        ]
 [-0.         -0.         -0.        ]
 [-0.01117342  0.01017195 -0.01208162]
 [-0.         -0.         -0.        ]
 [-0.         -0.         -0.        ]
 [-0.         -0.         -0.        ]
 [-0.         -0.         -0.        ]
 [-0.         -0.         -0.        ]
 [-0.         -0.         -0.        ]
 [-0.         -0.         -0.        ]
 [-0.         -0.         -0.        ]
 [-0.         -0.         -0.        ]
 [-0.         -0.         -0.        ]
 [-0.         -0.         -0.        ]
 [-0.         -0.         -0.        ]
 [-0.         -0.         -0.        ]
 [-0.         -0.         -0.        ]
 [-0.         -0.         -0.        ]
 [-0.         -0.         -0.        ]
 [-0.         -0.         -0.        ]
 [-0.         -0.         -0.        ]
 [-0.         -0.         -0.        ]
 [-0.         -0.         -0.        ]
 [-0.         -0.         -0.        ]
 [-0.         -0.         -0.        ]
 [-0.         -0.         -0.        ]
 [-0.         -0.         -0.        ]
 [-0.         -0.         -0.        ]
 [-0.         -0.         -0.        ]
 [-0.         -0.         -0.        ]
 [-0.         -0.         -0.        ]
 [-0.         -0.         -0.        ]
 [-0.         -0.         -0.        ]
 [-0.         -0.         -0.        ]
 [-0.         -0.         -0.        ]
 [-0.         -0.         -0.        ]
 [-0.         -0.         -0.        ]
 [-0.         -0.         -0.        ]
 [-0.         -0.         -0.        ]
 [-0.         -0.         -0.        ]
 [-0.         -0.         -0.        ]
 [-0.         -0.         -0.        ]
 [-0.         -0.         -0.        ]
 [-0.         -0.         -0.        ]
 [-0.         -0.         -0.        ]
 [-0.         -0.         -0.        ]
 [-0.         -0.         -0.        ]
 [-0.         -0.         -0.        ]
 [-0.         -0.         -0.        ]
 [-0.         -0.         -0.        ]
 [-0.         -0.         -0.        ]
 [-0.         -0.         -0.        ]
 [-0.         -0.         -0.        ]
 [-0.         -0.         -0.        ]
 [-0.         -0.         -0.        ]
 [-0.         -0.         -0.        ]
 [-0.         -0.         -0.        ]
 [-0.         -0.         -0.        ]
 [-0.         -0.         -0.        ]
 [-0.         -0.         -0.        ]
 [-0.         -0.         -0.        ]
 [-0.         -0.         -0.        ]
 [-0.         -0.         -0.        ]
 [-0.         -0.         -0.        ]
 [-0.         -0.         -0.        ]
 [-0.         -0.         -0.        ]
 [-0.         -0.         -0.        ]
 [-0.         -0.         -0.        ]
 [-0.         -0.         -0.        ]
 [-0.         -0.         -0.        ]
 [-0.         -0.         -0.        ]
 [-0.         -0.         -0.        ]
 [-0.         -0.         -0.        ]
 [-0.         -0.         -0.        ]
 [ 0.00535292 -0.00049823  0.00107037]
 [-0.         -0.         -0.        ]
 [-0.         -0.         -0.        ]
 [-0.         -0.         -0.        ]
 [-0.         -0.         -0.        ]
 [-0.         -0.         -0.        ]
 [-0.         -0.         -0.        ]
 [-0.         -0.         -0.        ]
 [-0.         -0.         -0.        ]
 [-0.         -0.         -0.        ]
 [-0.         -0.         -0.        ]
 [-0.         -0.         -0.        ]
 [-0.         -0.         -0.        ]
 [-0.         -0.         -0.        ]
 [-0.         -0.         -0.        ]
 [-0.         -0.         -0.        ]
 [-0.         -0.         -0.        ]
 [-0.         -0.         -0.        ]]