78.29794560664911
[[-0.         -0.         -0.        ]
 [-0.         -0.         -0.        ]
 [-0.         -0.         -0.        ]
 [-0.         -0.         -0.        ]
 [-0.         -0.         -0.        ]
 [-0.         -0.         -0.        ]
 [-0.         -0.         -0.        ]
 [-0.         -0.         -0.        ]
 [-0.         -0.         -0.        ]
 [-0.         -0.         -0.        ]
 [-0.         -0.         -0.        ]
 [-0.         -0.         -0.        ]
 [ 0.00894683  0.00994836  0.01150296]
 [-0.         -0.         -0.        ]
 [-0.         -0.         -0.        ]
 [ 0.00337796 -0.00502497 -0.00641303]
 [-0.         -0.         -0.        ]
 [-0.         -0.         -0.        ]
 [-0.         -0.         -0.        ]
 [-0.         -0.         -0.        ]
 [-0.         -0.         -0.        ]
 [-0.         -0.         -0.        ]
 [-0.         -0.         -0.        ]
 [-0.         -0.         -0.        ]
 [-0.         -0.         -0.        ]
 [-0.         -0.         -0.        ]
 [-0.         -0.         -0.        ]
 [-0.         -0.         -0.        ]
 [-0.         -0.         -0.        ]
 [-0.         -0.         -0.        ]
 [-0.         -0.         -0.        ]
 [-0.         -0.         -0.        ]
 [-0.         -0.         -0.        ]
 [-0.         -0.         -0.        ]
 [-0.         -0.         -0.        ]
 [-0.         -0.         -0.        ]
 [-0.         -0.         -0.        ]
 [-0.         -0.         -0.        ]
 [-0.         -0.         -0.        ]
 [-0.         -0.         -0.        ]
 [-0.         -0.         -0.        ]
 [-0.         -0.         -0.        ]
 [ 0.00641313  0.01095471  0.00763754]
 [ 0.01298116 -0.00608386 -0.01214694]
 [-0.00554083 -0.01286412  0.00985661]
 [-0.         -0.         -0.        ]
 [-0.         -0.         -0.        ]
 [-0.00775735  0.0046354  -0.00482274]
 [-0.0133044  -0.01629062  0.00290987]
 [-0.         -0.         -0.        ]
 [-0.00511649  0.01472509 -0.00852427]
 [-0.         -0.         -0.        ]
 [-0.         -0.         -0.        ]
 [-0.         -0.         -0.        ]
 [-0.         -0.         -0.        ]
 [-0.         -0.         -0.        ]
 [-0.         -0.         -0.        ]
 [-0.         -0.         -0.        ]
 [-0.         -0.         -0.        ]
 [-0.         -0.         -0.        ]
 [-0.         -0.         -0.        ]
 [-0.         -0.         -0.        ]
 [-0.         -0.         -0.        ]
 [-0.         -0.         -0.        ]
 [-0.         -0.         -0.        ]
 [-0.         -0.         -0.        ]
 [-0.         -0.         -0.        ]
 [-0.         -0.         -0.        ]
 [-0.         -0.         -0.        ]
 [-0.         -0.         -0.        ]
 [-0.         -0.         -0.        ]
 [-0.         -0.         -0.        ]
 [-0.         -0.         -0.        ]
 [-0.         -0.         -0.        ]
 [-0.         -0.         -0.        ]
 [-0.         -0.         -0.        ]
 [-0.         -0.         -0.        ]
 [-0.         -0.         -0.        ]
 [-0.         -0.         -0.        ]
 [-0.         -0.         -0.        ]
 [-0.         -0.         -0.        ]
 [-0.         -0.         -0.        ]
 [-0.         -0.         -0.        ]
 [-0.         -0.         -0.        ]
 [-0.         -0.         -0.        ]
 [-0.         -0.         -0.        ]
 [-0.         -0.         -0.        ]
 [-0.         -0.         -0.        ]
 [-0.         -0.         -0.        ]
 [-0.         -0.         -0.        ]
 [-0.         -0.         -0.        ]
 [-0.         -0.         -0.        ]
 [-0.         -0.         -0.        ]
 [-0.         -0.         -0.        ]
 [-0.         -0.         -0.        ]
 [-0.         -0.         -0.        ]
 [-0.         -0.         -0.        ]
 [-0.         -0.         -0.        ]
 [-0.         -0.         -0.        ]
 [-0.         -0.         -0.        ]
 [-0.         -0.         -0.        ]
 [-0.         -0.         -0.        ]
 [-0.         -0.         -0.        ]
 [-0.         -0.         -0.        ]
 [-0.         -0.         -0.        ]
 [-0.         -0.         -0.        ]
 [-0.         -0.         -0.        ]
 [-0.         -0.         -0.        ]
 [-0.         -0.         -0.        ]
 [-0.         -0.         -0.        ]
 [-0.         -0.         -0.        ]
 [-0.         -0.         -0.        ]
 [-0.         -0.         -0.        ]
 [-0.         -0.         -0.        ]
 [-0.         -0.         -0.        ]
 [-0.         -0.         -0.        ]
 [-0.         -0.         -0.        ]
 [-0.         -0.         -0.        ]
 [-0.         -0.         -0.        ]
 [-0.         -0.         -0.        ]
 [-0.         -0.         -0.        ]
 [-0.         -0.         -0.        ]
 [-0.         -0.         -0.        ]
 [-0.         -0.         -0.        ]
 [-0.         -0.         -0.        ]
 [-0.         -0.         -0.        ]
 [-0.         -0.         -0.        ]
 [-0.         -0.         -0.        ]
 [-0.         -0.         -0.        ]
 [-0.         -0.         -0.        ]
 [-0.         -0.         -0.        ]
 [-0.         -0.         -0.        ]
 [-0.         -0.         -0.        ]
 [-0.         -0.         -0.        ]
 [-0.         -0.         -0.        ]
 [-0.         -0.         -0.        ]
 [-0.         -0.         -0.        ]
 [-0.         -0.         -0.        ]
 [-0.         -0.         -0.        ]
 [-0.         -0.         -0.        ]
 [-0.         -0.         -0.        ]
 [-0.         -0.         -0.        ]
 [-0.         -0.         -0.        ]
 [-0.         -0.         -0.        ]
 [-0.         -0.         -0.        ]
 [-0.         -0.         -0.        ]
 [-0.         -0.         -0.        ]
 [-0.         -0.         -0.        ]
 [-0.         -0.         -0.        ]
 [-0.         -0.         -0.        ]
 [-0.         -0.         -0.        ]]