78.23083782152418
[[-0.         -0.         -0.        ]
 [-0.00464437  0.0145931   0.01465546]
 [-0.         -0.         -0.        ]
 [-0.00048316 -0.05027662  0.04783773]
 [-0.         -0.         -0.        ]
 [-0.         -0.         -0.        ]
 [-0.02518059  0.00345706  0.00391218]
 [-0.         -0.         -0.        ]
 [-0.         -0.         -0.        ]
 [-0.         -0.         -0.        ]
 [-0.         -0.         -0.        ]
 [-0.         -0.         -0.        ]
 [-0.         -0.         -0.        ]
 [ 0.04607229  0.03712155 -0.05036971]
 [-0.         -0.         -0.        ]
 [-0.         -0.         -0.        ]
 [-0.         -0.         -0.        ]
 [-0.         -0.         -0.        ]
 [-0.         -0.         -0.        ]
 [-0.         -0.         -0.        ]
 [-0.         -0.         -0.        ]
 [-0.         -0.         -0.        ]
 [-0.         -0.         -0.        ]
 [-0.         -0.         -0.        ]
 [-0.         -0.         -0.        ]
 [-0.00610892  0.00524784 -0.01061388]
 [-0.         -0.         -0.        ]
 [-0.         -0.         -0.        ]
 [-0.         -0.         -0.        ]
 [-0.         -0.         -0.        ]
 [-0.0136947  -0.01423844 -0.01097757]
 [-0.         -0.         -0.        ]
 [-0.         -0.         -0.        ]
 [-0.         -0.         -0.        ]
 [-0.         -0.         -0.        ]
 [-0.         -0.         -0.        ]
 [-0.         -0.         -0.        ]
 [-0.         -0.         -0.        ]
 [-0.         -0.         -0.        ]
 [-0.         -0.         -0.        ]
 [-0.         -0.         -0.        ]
 [-0.         -0.         -0.        ]
 [-0.         -0.         -0.        ]
 [-0.         -0.         -0.        ]
 [-0.         -0.         -0.        ]
 [-0.         -0.         -0.        ]
 [-0.         -0.         -0.        ]
 [-0.         -0.         -0.        ]
 [-0.         -0.         -0.        ]
 [-0.         -0.         -0.        ]
 [-0.         -0.         -0.        ]
 [-0.         -0.         -0.        ]
 [-0.         -0.         -0.        ]
 [-0.         -0.         -0.        ]
 [-0.         -0.         -0.        ]
 [-0.         -0.         -0.        ]
 [-0.         -0.         -0.        ]
 [-0.         -0.         -0.        ]
 [-0.         -0.         -0.        ]
 [-0.         -0.         -0.        ]
 [-0.         -0.         -0.        ]
 [-0.         -0.         -0.        ]
 [-0.         -0.         -0.        ]
 [-0.         -0.         -0.        ]
 [-0.         -0.         -0.        ]
 [-0.         -0.         -0.        ]
 [-0.         -0.         -0.        ]
 [-0.         -0.         -0.        ]
 [-0.         -0.         -0.        ]
 [-0.         -0.         -0.        ]
 [-0.         -0.         -0.        ]
 [-0.         -0.         -0.        ]
 [-0.         -0.         -0.        ]
 [-0.         -0.         -0.        ]
 [-0.         -0.         -0.        ]
 [-0.         -0.         -0.        ]
 [-0.         -0.         -0.        ]
 [-0.         -0.         -0.        ]
 [-0.         -0.         -0.        ]
 [-0.         -0.         -0.        ]
 [-0.         -0.         -0.        ]
 [-0.         -0.         -0.        ]
 [-0.         -0.         -0.        ]
 [-0.         -0.         -0.        ]
 [-0.         -0.         -0.        ]
 [-0.         -0.         -0.        ]
 [-0.         -0.         -0.        ]
 [-0.         -0.         -0.        ]
 [-0.         -0.         -0.        ]
 [-0.         -0.         -0.        ]
 [-0.         -0.         -0.        ]
 [-0.         -0.         -0.        ]
 [-0.         -0.         -0.        ]
 [-0.         -0.         -0.        ]
 [-0.         -0.         -0.        ]
 [-0.         -0.         -0.        ]
 [-0.         -0.         -0.        ]
 [ 0.00209579  0.00129311  0.00532654]
 [ 0.00194365  0.00280239  0.00022926]
 [-0.         -0.         -0.        ]
 [-0.         -0.         -0.        ]
 [-0.         -0.         -0.        ]
 [-0.         -0.         -0.        ]
 [-0.         -0.         -0.        ]
 [-0.         -0.         -0.        ]
 [-0.         -0.         -0.        ]
 [-0.         -0.         -0.        ]
 [-0.         -0.         -0.        ]
 [-0.         -0.         -0.        ]
 [-0.         -0.         -0.        ]
 [-0.         -0.         -0.        ]
 [-0.         -0.         -0.        ]
 [-0.         -0.         -0.        ]
 [-0.         -0.         -0.        ]
 [-0.         -0.         -0.        ]
 [-0.         -0.         -0.        ]
 [-0.         -0.         -0.        ]
 [-0.         -0.         -0.        ]
 [-0.         -0.         -0.        ]
 [-0.         -0.         -0.        ]
 [-0.         -0.         -0.        ]
 [-0.         -0.         -0.        ]
 [-0.         -0.         -0.        ]
 [-0.         -0.         -0.        ]
 [-0.         -0.         -0.        ]
 [-0.         -0.         -0.        ]
 [-0.         -0.         -0.        ]
 [-0.         -0.         -0.        ]
 [-0.         -0.         -0.        ]
 [-0.         -0.         -0.        ]
 [-0.         -0.         -0.        ]
 [-0.         -0.         -0.        ]
 [-0.         -0.         -0.        ]
 [-0.         -0.         -0.        ]
 [-0.         -0.         -0.        ]
 [-0.         -0.         -0.        ]
 [-0.         -0.         -0.        ]
 [-0.         -0.         -0.        ]
 [-0.         -0.         -0.        ]
 [-0.         -0.         -0.        ]
 [-0.         -0.         -0.        ]
 [-0.         -0.         -0.        ]
 [-0.         -0.         -0.        ]
 [-0.         -0.         -0.        ]
 [-0.         -0.         -0.        ]
 [-0.         -0.         -0.        ]
 [-0.         -0.         -0.        ]
 [-0.         -0.         -0.        ]
 [-0.         -0.         -0.        ]
 [-0.         -0.         -0.        ]
 [-0.         -0.         -0.        ]]