-77.6522836293342
[[-0.00000000e+00 -0.00000000e+00 -0.00000000e+00]
 [-0.00000000e+00 -0.00000000e+00 -0.00000000e+00]
 [-0.00000000e+00 -0.00000000e+00 -0.00000000e+00]
 [-0.00000000e+00 -0.00000000e+00 -0.00000000e+00]
 [-0.00000000e+00 -0.00000000e+00 -0.00000000e+00]
 [-0.00000000e+00 -0.00000000e+00 -0.00000000e+00]
 [-0.00000000e+00 -0.00000000e+00 -0.00000000e+00]
 [-0.00000000e+00 -0.00000000e+00 -0.00000000e+00]
 [-0.00000000e+00 -0.00000000e+00 -0.00000000e+00]
 [-0.00000000e+00 -0.00000000e+00 -0.00000000e+00]
 [-0.00000000e+00 -0.00000000e+00 -0.00000000e+00]
 [ 5.97247009e-03 -1.17763744e-02 -7.68953957e-03]
 [-0.00000000e+00 -0.00000000e+00 -0.00000000e+00]
 [-0.00000000e+00 -0.00000000e+00 -0.00000000e+00]
 [-0.00000000e+00 -0.00000000e+00 -0.00000000e+00]
 [ 6.42558652e-03  4.53813895e-03  1.37748932e-02]
 [-0.00000000e+00 -0.00000000e+00 -0.00000000e+00]
 [-0.00000000e+00 -0.00000000e+00 -0.00000000e+00]
 [-0.00000000e+00 -0.00000000e+00 -0.00000000e+00]
 [-0.00000000e+00 -0.00000000e+00 -0.00000000e+00]
 [-0.00000000e+00 -0.00000000e+00 -0.00000000e+00]
 [ 1.23897082e-02  4.12731751e-05  1.43766297e-03]
 [-0.00000000e+00 -0.00000000e+00 -0.00000000e+00]
 [-0.00000000e+00 -0.00000000e+00 -0.00000000e+00]
 [-0.00000000e+00 -0.00000000e+00 -0.00000000e+00]
 [-0.00000000e+00 -0.00000000e+00 -0.00000000e+00]
 [-0.00000000e+00 -0.00000000e+00 -0.00000000e+00]
 [-0.00000000e+00 -0.00000000e+00 -0.00000000e+00]
 [-0.00000000e+00 -0.00000000e+00 -0.00000000e+00]
 [-0.00000000e+00 -0.00000000e+00 -0.00000000e+00]
 [-0.00000000e+00 -0.00000000e+00 -0.00000000e+00]
 [-0.00000000e+00 -0.00000000e+00 -0.00000000e+00]
 [-0.00000000e+00 -0.00000000e+00 -0.00000000e+00]
 [-0.00000000e+00 -0.00000000e+00 -0.00000000e+00]
 [-0.00000000e+00 -0.00000000e+00 -0.00000000e+00]
 [-0.00000000e+00 -0.00000000e+00 -0.00000000e+00]
 [-0.00000000e+00 -0.00000000e+00 -0.00000000e+00]
 [-0.00000000e+00 -0.00000000e+00 -0.00000000e+00]
 [-0.00000000e+00 -0.00000000e+00 -0.00000000e+00]
 [-1.40492162e-02  1.67735725e-02  1.60113846e-02]
 [-0.00000000e+00 -0.00000000e+00 -0.00000000e+00]
 [-0.00000000e+00 -0.00000000e+00 -0.00000000e+00]
 [-0.00000000e+00 -0.00000000e+00 -0.00000000e+00]
 [-7.88404217e-03 -1.45466637e-03  7.19026370e-04]
 [-0.00000000e+00 -0.00000000e+00 -0.00000000e+00]
 [-0.00000000e+00 -0.00000000e+00 -0.00000000e+00]
 [-0.00000000e+00 -0.00000000e+00 -0.00000000e+00]
 [-0.00000000e+00 -0.00000000e+00 -0.00000000e+00]
 [-0.00000000e+00 -0.00000000e+00 -0.00000000e+00]
 [-0.00000000e+00 -0.00000000e+00 -0.00000000e+00]
 [-0.00000000e+00 -0.00000000e+00 -0.00000000e+00]
 [-0.00000000e+00 -0.00000000e+00 -0.00000000e+00]
 [-0.00000000e+00 -0.00000000e+00 -0.00000000e+00]
 [-0.00000000e+00 -0.00000000e+00 -0.00000000e+00]
 [-0.00000000e+00 -0.00000000e+00 -0.00000000e+00]
 [-0.00000000e+00 -0.00000000e+00 -0.00000000e+00]
 [-0.00000000e+00 -0.00000000e+00 -0.00000000e+00]
 [-0.00000000e+00 -0.00000000e+00 -0.00000000e+00]
 [-0.00000000e+00 -0.00000000e+00 -0.00000000e+00]
 [ 5.16855529e-03 -3.37473360e-06 -6.17954324e-03]
 [-0.00000000e+00 -0.00000000e+00 -0.00000000e+00]
 [-0.00000000e+00 -0.00000000e+00 -0.00000000e+00]
 [-0.00000000e+00 -0.00000000e+00 -0.00000000e+00]
 [-0.00000000e+00 -0.00000000e+00 -0.00000000e+00]
 [-8.02306176e-03 -8.11856915e-03 -1.80738843e-02]
 [-0.00000000e+00 -0.00000000e+00 -0.00000000e+00]
 [-0.00000000e+00 -0.00000000e+00 -0.00000000e+00]
 [-0.00000000e+00 -0.00000000e+00 -0.00000000e+00]
 [-0.00000000e+00 -0.00000000e+00 -0.00000000e+00]
 [-0.00000000e+00 -0.00000000e+00 -0.00000000e+00]
 [-0.00000000e+00 -0.00000000e+00 -0.00000000e+00]
 [-0.00000000e+00 -0.00000000e+00 -0.00000000e+00]
 [-0.00000000e+00 -0.00000000e+00 -0.00000000e+00]
 [-0.00000000e+00 -0.00000000e+00 -0.00000000e+00]
 [-0.00000000e+00 -0.00000000e+00 -0.00000000e+00]
 [-0.00000000e+00 -0.00000000e+00 -0.00000000e+00]
 [-0.00000000e+00 -0.00000000e+00 -0.00000000e+00]
 [-0.00000000e+00 -0.00000000e+00 -0.00000000e+00]
 [-0.00000000e+00 -0.00000000e+00 -0.00000000e+00]
 [-0.00000000e+00 -0.00000000e+00 -0.00000000e+00]
 [-0.00000000e+00 -0.00000000e+00 -0.00000000e+00]
 [-0.00000000e+00 -0.00000000e+00 -0.00000000e+00]
 [-0.00000000e+00 -0.00000000e+00 -0.00000000e+00]
 [-0.00000000e+00 -0.00000000e+00 -0.00000000e+00]
 [-0.00000000e+00 -0.00000000e+00 -0.00000000e+00]
 [-0.00000000e+00 -0.00000000e+00 -0.00000000e+00]
 [-0.00000000e+00 -0.00000000e+00 -0.00000000e+00]
 [-0.00000000e+00 -0.00000000e+00 -0.00000000e+00]
 [-0.00000000e+00 -0.00000000e+00 -0.00000000e+00]
 [-0.00000000e+00 -0.00000000e+00 -0.00000000e+00]
 [-0.00000000e+00 -0.00000000e+00 -0.00000000e+00]
 [-0.00000000e+00 -0.00000000e+00 -0.00000000e+00]
 [-0.00000000e+00 -0.00000000e+00 -0.00000000e+00]
 [-0.00000000e+00 -0.00000000e+00 -0.00000000e+00]
 [-0.00000000e+00 -0.00000000e+00 -0.00000000e+00]
 [-0.00000000e+00 -0.00000000e+00 -0.00000000e+00]
 [-0.00000000e+00 -0.00000000e+00 -0.00000000e+00]
 [-0.00000000e+00 -0.00000000e+00 -0.00000000e+00]
 [-0.00000000e+00 -0.00000000e+00 -0.00000000e+00]
 [-0.00000000e+00 -0.00000000e+00 -0.00000000e+00]
 [-0.00000000e+00 -0.00000000e+00 -0.00000000e+00]
 [-0.00000000e+00 -0.00000000e+00 -0.00000000e+00]
 [-0.00000000e+00 -0.00000000e+00 -0.00000000e+00]
 [-0.00000000e+00 -0.00000000e+00 -0.00000000e+00]
 [-0.00000000e+00 -0.00000000e+00 -0.00000000e+00]
 [-0.00000000e+00 -0.00000000e+00 -0.00000000e+00]
 [-0.00000000e+00 -0.00000000e+00 -0.00000000e+00]
 [-0.00000000e+00 -0.00000000e+00 -0.00000000e+00]
 [-0.00000000e+00 -0.00000000e+00 -0.00000000e+00]
 [-0.00000000e+00 -0.00000000e+00 -0.00000000e+00]
 [-0.00000000e+00 -0.00000000e+00 -0.00000000e+00]
 [-0.00000000e+00 -0.00000000e+00 -0.00000000e+00]
 [-0.00000000e+00 -0.00000000e+00 -0.00000000e+00]
 [-0.00000000e+00 -0.00000000e+00 -0.00000000e+00]
 [-0.00000000e+00 -0.00000000e+00 -0.00000000e+00]
 [-0.00000000e+00 -0.00000000e+00 -0.00000000e+00]
 [-0.00000000e+00 -0.00000000e+00 -0.00000000e+00]
 [-0.00000000e+00 -0.00000000e+00 -0.00000000e+00]
 [-0.00000000e+00 -0.00000000e+00 -0.00000000e+00]
 [-0.00000000e+00 -0.00000000e+00 -0.00000000e+00]
 [-0.00000000e+00 -0.00000000e+00 -0.00000000e+00]
 [-0.00000000e+00 -0.00000000e+00 -0.00000000e+00]
 [-0.00000000e+00 -0.00000000e+00 -0.00000000e+00]
 [-0.00000000e+00 -0.00000000e+00 -0.00000000e+00]
 [-0.00000000e+00 -0.00000000e+00 -0.00000000e+00]
 [-0.00000000e+00 -0.00000000e+00 -0.00000000e+00]
 [-0.00000000e+00 -0.00000000e+00 -0.00000000e+00]
 [-0.00000000e+00 -0.00000000e+00 -0.00000000e+00]
 [-0.00000000e+00 -0.00000000e+00 -0.00000000e+00]
 [-0.00000000e+00 -0.00000000e+00 -0.00000000e+00]
 [-0.00000000e+00 -0.00000000e+00 -0.00000000e+00]
 [-0.00000000e+00 -0.00000000e+00 -0.00000000e+00]
 [-0.00000000e+00 -0.00000000e+00 -0.00000000e+00]
 [-0.00000000e+00 -0.00000000e+00 -0.00000000e+00]
 [-0.00000000e+00 -0.00000000e+00 -0.00000000e+00]
 [-0.00000000e+00 -0.00000000e+00 -0.00000000e+00]
 [-0.00000000e+00 -0.00000000e+00 -0.00000000e+00]
 [-0.00000000e+00 -0.00000000e+00 -0.00000000e+00]
 [-0.00000000e+00 -0.00000000e+00 -0.00000000e+00]
 [-0.00000000e+00 -0.00000000e+00 -0.00000000e+00]
 [-0.00000000e+00 -0.00000000e+00 -0.00000000e+00]
 [-0.00000000e+00 -0.00000000e+00 -0.00000000e+00]
 [-0.00000000e+00 -0.00000000e+00 -0.00000000e+00]
 [-0.00000000e+00 -0.00000000e+00 -0.00000000e+00]
 [-0.00000000e+00 -0.00000000e+00 -0.00000000e+00]
 [-0.00000000e+00 -0.00000000e+00 -0.00000000e+00]
 [-0.00000000e+00 -0.00000000e+00 -0.00000000e+00]
 [-0.00000000e+00 -0.00000000e+00 -0.00000000e+00]
 [-0.00000000e+00 -0.00000000e+00 -0.00000000e+00]
 [-0.00000000e+00 -0.00000000e+00 -0.00000000e+00]
 [-0.00000000e+00 -0.00000000e+00 -0.00000000e+00]]