78.21276109355094
[[-0.         -0.         -0.        ]
 [-0.00258798  0.01728921  0.01620391]
 [-0.         -0.         -0.        ]
 [-0.00253165 -0.04473141  0.04803191]
 [-0.         -0.         -0.        ]
 [-0.         -0.         -0.        ]
 [-0.01253708 -0.01023418  0.02226137]
 [-0.         -0.         -0.        ]
 [-0.         -0.         -0.        ]
 [ 0.01129828  0.01001984  0.00741715]
 [ 0.01023293  0.00425422 -0.01662672]
 [-0.         -0.         -0.        ]
 [-0.         -0.         -0.        ]
 [ 0.00095089  0.0112757  -0.03818862]
 [-0.         -0.         -0.        ]
 [-0.         -0.         -0.        ]
 [ 0.00137664  0.0260041  -0.02115873]
 [-0.         -0.         -0.        ]
 [-0.         -0.         -0.        ]
 [-0.         -0.         -0.        ]
 [-0.         -0.         -0.        ]
 [-0.         -0.         -0.        ]
 [-0.         -0.         -0.        ]
 [-0.         -0.         -0.        ]
 [-0.         -0.         -0.        ]
 [-0.00620203 -0.01387748 -0.01794027]
 [-0.         -0.         -0.        ]
 [-0.         -0.         -0.        ]
 [-0.         -0.         -0.        ]
 [-0.         -0.         -0.        ]
 [-0.         -0.         -0.        ]
 [-0.         -0.         -0.        ]
 [-0.         -0.         -0.        ]
 [-0.         -0.         -0.        ]
 [-0.         -0.         -0.        ]
 [-0.         -0.         -0.        ]
 [-0.         -0.         -0.        ]
 [-0.         -0.         -0.        ]
 [-0.         -0.         -0.        ]
 [-0.         -0.         -0.        ]
 [-0.         -0.         -0.        ]
 [-0.         -0.         -0.        ]
 [-0.         -0.         -0.        ]
 [-0.         -0.         -0.        ]
 [-0.         -0.         -0.        ]
 [-0.         -0.         -0.        ]
 [-0.         -0.         -0.        ]
 [-0.         -0.         -0.        ]
 [-0.         -0.         -0.        ]
 [-0.         -0.         -0.        ]
 [-0.         -0.         -0.        ]
 [-0.         -0.         -0.        ]
 [-0.         -0.         -0.        ]
 [-0.         -0.         -0.        ]
 [-0.         -0.         -0.        ]
 [-0.         -0.         -0.        ]
 [-0.         -0.         -0.        ]
 [-0.         -0.         -0.        ]
 [-0.         -0.         -0.        ]
 [-0.         -0.         -0.        ]
 [-0.         -0.         -0.        ]
 [-0.         -0.         -0.        ]
 [-0.         -0.         -0.        ]
 [-0.         -0.         -0.        ]
 [-0.         -0.         -0.        ]
 [-0.         -0.         -0.        ]
 [-0.         -0.         -0.        ]
 [-0.         -0.         -0.        ]
 [-0.         -0.         -0.        ]
 [-0.         -0.         -0.        ]
 [-0.         -0.         -0.        ]
 [-0.         -0.         -0.        ]
 [-0.         -0.         -0.        ]
 [-0.         -0.         -0.        ]
 [-0.         -0.         -0.        ]
 [-0.         -0.         -0.        ]
 [-0.         -0.         -0.        ]
 [-0.         -0.         -0.        ]
 [-0.         -0.         -0.        ]
 [-0.         -0.         -0.        ]
 [-0.         -0.         -0.        ]
 [-0.         -0.         -0.        ]
 [-0.         -0.         -0.        ]
 [-0.         -0.         -0.        ]
 [-0.         -0.         -0.        ]
 [-0.         -0.         -0.        ]
 [-0.         -0.         -0.        ]
 [-0.         -0.         -0.        ]
 [-0.         -0.         -0.        ]
 [-0.         -0.         -0.        ]
 [-0.         -0.         -0.        ]
 [-0.         -0.         -0.        ]
 [-0.         -0.         -0.        ]
 [-0.         -0.         -0.        ]
 [-0.         -0.         -0.        ]
 [-0.         -0.         -0.        ]
 [-0.         -0.         -0.        ]
 [-0.         -0.         -0.        ]
 [-0.         -0.         -0.        ]
 [-0.         -0.         -0.        ]
 [-0.         -0.         -0.        ]
 [-0.         -0.         -0.        ]
 [-0.         -0.         -0.        ]
 [-0.         -0.         -0.        ]
 [-0.         -0.         -0.        ]
 [-0.         -0.         -0.        ]
 [-0.         -0.         -0.        ]
 [-0.         -0.         -0.        ]
 [-0.         -0.         -0.        ]
 [-0.         -0.         -0.        ]
 [-0.         -0.         -0.        ]
 [-0.         -0.         -0.        ]
 [-0.         -0.         -0.        ]
 [-0.         -0.         -0.        ]
 [-0.         -0.         -0.        ]
 [-0.         -0.         -0.        ]
 [-0.         -0.         -0.        ]
 [-0.         -0.         -0.        ]
 [-0.         -0.         -0.        ]
 [-0.         -0.         -0.        ]
 [-0.         -0.         -0.        ]
 [-0.         -0.         -0.        ]
 [-0.         -0.         -0.        ]
 [-0.         -0.         -0.        ]
 [-0.         -0.         -0.        ]
 [-0.         -0.         -0.        ]
 [-0.         -0.         -0.        ]
 [-0.         -0.         -0.        ]
 [-0.         -0.         -0.        ]
 [-0.         -0.         -0.        ]
 [-0.         -0.         -0.        ]
 [-0.         -0.         -0.        ]
 [-0.         -0.         -0.        ]
 [-0.         -0.         -0.        ]
 [-0.         -0.         -0.        ]
 [-0.         -0.         -0.        ]
 [-0.         -0.         -0.        ]
 [-0.         -0.         -0.        ]
 [-0.         -0.         -0.        ]
 [-0.         -0.         -0.        ]
 [-0.         -0.         -0.        ]
 [-0.         -0.         -0.        ]
 [-0.         -0.         -0.        ]
 [-0.         -0.         -0.        ]
 [-0.         -0.         -0.        ]
 [-0.         -0.         -0.        ]
 [-0.         -0.         -0.        ]
 [-0.         -0.         -0.        ]
 [-0.         -0.         -0.        ]
 [-0.         -0.         -0.        ]
 [-0.         -0.         -0.        ]]