78.30508074200728
[[-0.00000000e+00 -0.00000000e+00 -0.00000000e+00]
 [-0.00000000e+00 -0.00000000e+00 -0.00000000e+00]
 [-0.00000000e+00 -0.00000000e+00 -0.00000000e+00]
 [-0.00000000e+00 -0.00000000e+00 -0.00000000e+00]
 [-0.00000000e+00 -0.00000000e+00 -0.00000000e+00]
 [-0.00000000e+00 -0.00000000e+00 -0.00000000e+00]
 [-0.00000000e+00 -0.00000000e+00 -0.00000000e+00]
 [-0.00000000e+00 -0.00000000e+00 -0.00000000e+00]
 [-0.00000000e+00 -0.00000000e+00 -0.00000000e+00]
 [-0.00000000e+00 -0.00000000e+00 -0.00000000e+00]
 [-0.00000000e+00 -0.00000000e+00 -0.00000000e+00]
 [-0.00000000e+00 -0.00000000e+00 -0.00000000e+00]
 [-0.00000000e+00 -0.00000000e+00 -0.00000000e+00]
 [-0.00000000e+00 -0.00000000e+00 -0.00000000e+00]
 [-0.00000000e+00 -0.00000000e+00 -0.00000000e+00]
 [-0.00000000e+00 -0.00000000e+00 -0.00000000e+00]
 [-0.00000000e+00 -0.00000000e+00 -0.00000000e+00]
 [-0.00000000e+00 -0.00000000e+00 -0.00000000e+00]
 [-0.00000000e+00 -0.00000000e+00 -0.00000000e+00]
 [-0.00000000e+00 -0.00000000e+00 -0.00000000e+00]
 [-0.00000000e+00 -0.00000000e+00 -0.00000000e+00]
 [-0.00000000e+00 -0.00000000e+00 -0.00000000e+00]
 [-0.00000000e+00 -0.00000000e+00 -0.00000000e+00]
 [-0.00000000e+00 -0.00000000e+00 -0.00000000e+00]
 [-0.00000000e+00 -0.00000000e+00 -0.00000000e+00]
 [-0.00000000e+00 -0.00000000e+00 -0.00000000e+00]
 [-0.00000000e+00 -0.00000000e+00 -0.00000000e+00]
 [-0.00000000e+00 -0.00000000e+00 -0.00000000e+00]
 [-0.00000000e+00 -0.00000000e+00 -0.00000000e+00]
 [-0.00000000e+00 -0.00000000e+00 -0.00000000e+00]
 [-0.00000000e+00 -0.00000000e+00 -0.00000000e+00]
 [-0.00000000e+00 -0.00000000e+00 -0.00000000e+00]
 [-0.00000000e+00 -0.00000000e+00 -0.00000000e+00]
 [-0.00000000e+00 -0.00000000e+00 -0.00000000e+00]
 [-0.00000000e+00 -0.00000000e+00 -0.00000000e+00]
 [-0.00000000e+00 -0.00000000e+00 -0.00000000e+00]
 [-0.00000000e+00 -0.00000000e+00 -0.00000000e+00]
 [-0.00000000e+00 -0.00000000e+00 -0.00000000e+00]
 [-0.00000000e+00 -0.00000000e+00 -0.00000000e+00]
 [-0.00000000e+00 -0.00000000e+00 -0.00000000e+00]
 [-0.00000000e+00 -0.00000000e+00 -0.00000000e+00]
 [-0.00000000e+00 -0.00000000e+00 -0.00000000e+00]
 [-0.00000000e+00 -0.00000000e+00 -0.00000000e+00]
 [-0.00000000e+00 -0.00000000e+00 -0.00000000e+00]
 [-0.00000000e+00 -0.00000000e+00 -0.00000000e+00]
 [-0.00000000e+00 -0.00000000e+00 -0.00000000e+00]
 [-0.00000000e+00 -0.00000000e+00 -0.00000000e+00]
 [-0.00000000e+00 -0.00000000e+00 -0.00000000e+00]
 [-0.00000000e+00 -0.00000000e+00 -0.00000000e+00]
 [-0.00000000e+00 -0.00000000e+00 -0.00000000e+00]
 [-0.00000000e+00 -0.00000000e+00 -0.00000000e+00]
 [-0.00000000e+00 -0.00000000e+00 -0.00000000e+00]
 [-0.00000000e+00 -0.00000000e+00 -0.00000000e+00]
 [-0.00000000e+00 -0.00000000e+00 -0.00000000e+00]
 [-0.00000000e+00 -0.00000000e+00 -0.00000000e+00]
 [-0.00000000e+00 -0.00000000e+00 -0.00000000e+00]
 [-0.00000000e+00 -0.00000000e+00 -0.00000000e+00]
 [-0.00000000e+00 -0.00000000e+00 -0.00000000e+00]
 [-0.00000000e+00 -0.00000000e+00 -0.00000000e+00]
 [-0.00000000e+00 -0.00000000e+00 -0.00000000e+00]
 [-0.00000000e+00 -0.00000000e+00 -0.00000000e+00]
 [ 7.96128874e-03  8.46585567e-03  7.13542902e-03]
 [-4.94308813e-06 -2.87152249e-03 -3.53516031e-03]
 [-0.00000000e+00 -0.00000000e+00 -0.00000000e+00]
 [-0.00000000e+00 -0.00000000e+00 -0.00000000e+00]
 [ 6.44848761e-03  6.91623432e-03 -6.07110544e-03]
 [-3.70043151e-03 -1.91489533e-03  2.48142156e-03]
 [-0.00000000e+00 -0.00000000e+00 -0.00000000e+00]
 [-0.00000000e+00 -0.00000000e+00 -0.00000000e+00]
 [-0.00000000e+00 -0.00000000e+00 -0.00000000e+00]
 [-0.00000000e+00 -0.00000000e+00 -0.00000000e+00]
 [-0.00000000e+00 -0.00000000e+00 -0.00000000e+00]
 [-0.00000000e+00 -0.00000000e+00 -0.00000000e+00]
 [-0.00000000e+00 -0.00000000e+00 -0.00000000e+00]
 [-0.00000000e+00 -0.00000000e+00 -0.00000000e+00]
 [-0.00000000e+00 -0.00000000e+00 -0.00000000e+00]
 [-0.00000000e+00 -0.00000000e+00 -0.00000000e+00]
 [-0.00000000e+00 -0.00000000e+00 -0.00000000e+00]
 [-0.00000000e+00 -0.00000000e+00 -0.00000000e+00]
 [-0.00000000e+00 -0.00000000e+00 -0.00000000e+00]
 [-0.00000000e+00 -0.00000000e+00 -0.00000000e+00]
 [-0.00000000e+00 -0.00000000e+00 -0.00000000e+00]
 [-0.00000000e+00 -0.00000000e+00 -0.00000000e+00]
 [-0.00000000e+00 -0.00000000e+00 -0.00000000e+00]
 [-0.00000000e+00 -0.00000000e+00 -0.00000000e+00]
 [-0.00000000e+00 -0.00000000e+00 -0.00000000e+00]
 [-0.00000000e+00 -0.00000000e+00 -0.00000000e+00]
 [-0.00000000e+00 -0.00000000e+00 -0.00000000e+00]
 [-0.00000000e+00 -0.00000000e+00 -0.00000000e+00]
 [-0.00000000e+00 -0.00000000e+00 -0.00000000e+00]
 [-0.00000000e+00 -0.00000000e+00 -0.00000000e+00]
 [-0.00000000e+00 -0.00000000e+00 -0.00000000e+00]
 [-0.00000000e+00 -0.00000000e+00 -0.00000000e+00]
 [-0.00000000e+00 -0.00000000e+00 -0.00000000e+00]
 [-0.00000000e+00 -0.00000000e+00 -0.00000000e+00]
 [-0.00000000e+00 -0.00000000e+00 -0.00000000e+00]
 [-0.00000000e+00 -0.00000000e+00 -0.00000000e+00]
 [-0.00000000e+00 -0.00000000e+00 -0.00000000e+00]
 [-0.00000000e+00 -0.00000000e+00 -0.00000000e+00]
 [-0.00000000e+00 -0.00000000e+00 -0.00000000e+00]
 [-0.00000000e+00 -0.00000000e+00 -0.00000000e+00]
 [-0.00000000e+00 -0.00000000e+00 -0.00000000e+00]
 [-0.00000000e+00 -0.00000000e+00 -0.00000000e+00]
 [-0.00000000e+00 -0.00000000e+00 -0.00000000e+00]
 [-0.00000000e+00 -0.00000000e+00 -0.00000000e+00]
 [-0.00000000e+00 -0.00000000e+00 -0.00000000e+00]
 [-0.00000000e+00 -0.00000000e+00 -0.00000000e+00]
 [-0.00000000e+00 -0.00000000e+00 -0.00000000e+00]
 [-0.00000000e+00 -0.00000000e+00 -0.00000000e+00]
 [-0.00000000e+00 -0.00000000e+00 -0.00000000e+00]
 [-0.00000000e+00 -0.00000000e+00 -0.00000000e+00]
 [-0.00000000e+00 -0.00000000e+00 -0.00000000e+00]
 [-0.00000000e+00 -0.00000000e+00 -0.00000000e+00]
 [-0.00000000e+00 -0.00000000e+00 -0.00000000e+00]
 [-0.00000000e+00 -0.00000000e+00 -0.00000000e+00]
 [-0.00000000e+00 -0.00000000e+00 -0.00000000e+00]
 [-0.00000000e+00 -0.00000000e+00 -0.00000000e+00]
 [-0.00000000e+00 -0.00000000e+00 -0.00000000e+00]
 [-0.00000000e+00 -0.00000000e+00 -0.00000000e+00]
 [-0.00000000e+00 -0.00000000e+00 -0.00000000e+00]
 [-0.00000000e+00 -0.00000000e+00 -0.00000000e+00]
 [-0.00000000e+00 -0.00000000e+00 -0.00000000e+00]
 [-0.00000000e+00 -0.00000000e+00 -0.00000000e+00]
 [-0.00000000e+00 -0.00000000e+00 -0.00000000e+00]
 [-0.00000000e+00 -0.00000000e+00 -0.00000000e+00]
 [-0.00000000e+00 -0.00000000e+00 -0.00000000e+00]
 [-0.00000000e+00 -0.00000000e+00 -0.00000000e+00]
 [-0.00000000e+00 -0.00000000e+00 -0.00000000e+00]
 [-0.00000000e+00 -0.00000000e+00 -0.00000000e+00]
 [-0.00000000e+00 -0.00000000e+00 -0.00000000e+00]
 [-0.00000000e+00 -0.00000000e+00 -0.00000000e+00]
 [-0.00000000e+00 -0.00000000e+00 -0.00000000e+00]
 [-0.00000000e+00 -0.00000000e+00 -0.00000000e+00]
 [-0.00000000e+00 -0.00000000e+00 -0.00000000e+00]
 [-0.00000000e+00 -0.00000000e+00 -0.00000000e+00]
 [-0.00000000e+00 -0.00000000e+00 -0.00000000e+00]
 [-2.94931640e-03 -2.16640041e-03  1.52052147e-03]
 [-2.91883276e-03 -2.66744810e-03  3.13686874e-03]
 [-0.00000000e+00 -0.00000000e+00 -0.00000000e+00]
 [-0.00000000e+00 -0.00000000e+00 -0.00000000e+00]
 [-0.00000000e+00 -0.00000000e+00 -0.00000000e+00]
 [-2.03870738e-03 -2.27355783e-03 -1.31270156e-03]
 [-2.79754522e-03 -3.48826583e-03 -3.35527349e-03]
 [-0.00000000e+00 -0.00000000e+00 -0.00000000e+00]
 [-0.00000000e+00 -0.00000000e+00 -0.00000000e+00]
 [-0.00000000e+00 -0.00000000e+00 -0.00000000e+00]
 [-0.00000000e+00 -0.00000000e+00 -0.00000000e+00]
 [-0.00000000e+00 -0.00000000e+00 -0.00000000e+00]
 [-0.00000000e+00 -0.00000000e+00 -0.00000000e+00]
 [-0.00000000e+00 -0.00000000e+00 -0.00000000e+00]
 [-0.00000000e+00 -0.00000000e+00 -0.00000000e+00]]