-116.88193329388568
[[ 0.          0.          0.        ]
 [ 0.          0.          0.        ]
 [ 0.          0.          0.        ]
 [ 0.          0.          0.        ]
 [ 0.          0.          0.        ]
 [ 0.          0.          0.        ]
 [ 0.          0.          0.        ]
 [ 0.          0.          0.        ]
 [ 0.          0.          0.        ]
 [ 0.          0.          0.        ]
 [ 0.          0.          0.        ]
 [ 0.          0.          0.        ]
 [ 0.          0.          0.        ]
 [ 0.          0.          0.        ]
 [ 0.          0.          0.        ]
 [ 0.          0.          0.        ]
 [ 0.          0.          0.        ]
 [ 0.          0.          0.        ]
 [ 0.          0.          0.        ]
 [ 0.          0.          0.        ]
 [ 0.          0.          0.        ]
 [ 0.          0.          0.        ]
 [ 0.          0.          0.        ]
 [ 0.          0.          0.        ]
 [ 0.          0.          0.        ]
 [ 0.          0.          0.        ]
 [ 0.          0.          0.        ]
 [ 0.          0.          0.        ]
 [ 0.          0.          0.        ]
 [ 0.          0.          0.        ]
 [ 0.          0.          0.        ]
 [ 0.          0.          0.        ]
 [ 0.          0.          0.        ]
 [-0.0026575  -0.01065728 -0.00729251]
 [-0.01314982  0.0100271   0.01990974]
 [ 0.01220859  0.00284098 -0.00727323]
 [ 0.          0.          0.        ]
 [ 0.00035636  0.00246158 -0.00203946]
 [-0.002082    0.00081204 -0.00935366]
 [ 0.          0.          0.        ]
 [ 0.          0.          0.        ]
 [ 0.00695313 -0.00680506  0.00279572]
 [ 0.          0.          0.        ]
 [ 0.          0.          0.        ]
 [-0.00755823  0.00743576  0.00921413]
 [ 0.          0.          0.        ]
 [ 0.          0.          0.        ]
 [ 0.          0.          0.        ]
 [ 0.          0.          0.        ]
 [ 0.          0.          0.        ]
 [ 0.          0.          0.        ]
 [ 0.          0.          0.        ]
 [ 0.          0.          0.        ]
 [ 0.          0.          0.        ]
 [ 0.          0.          0.        ]
 [ 0.          0.          0.        ]
 [ 0.          0.          0.        ]
 [ 0.          0.          0.        ]
 [ 0.          0.          0.        ]
 [ 0.          0.          0.        ]
 [ 0.          0.          0.        ]
 [ 0.          0.          0.        ]
 [ 0.          0.          0.        ]
 [ 0.          0.          0.        ]
 [ 0.          0.          0.        ]
 [ 0.          0.          0.        ]
 [ 0.          0.          0.        ]
 [ 0.          0.          0.        ]
 [ 0.          0.          0.        ]
 [ 0.          0.          0.        ]
 [ 0.          0.          0.        ]
 [ 0.          0.          0.        ]
 [ 0.          0.          0.        ]
 [ 0.          0.          0.        ]
 [ 0.          0.          0.        ]
 [ 0.          0.          0.        ]
 [ 0.          0.          0.        ]
 [ 0.          0.          0.        ]
 [ 0.          0.          0.        ]
 [ 0.          0.          0.        ]
 [ 0.          0.          0.        ]
 [ 0.          0.          0.        ]
 [ 0.          0.          0.        ]
 [ 0.          0.          0.        ]
 [ 0.          0.          0.        ]
 [ 0.          0.          0.        ]
 [ 0.          0.          0.        ]
 [ 0.          0.          0.        ]
 [ 0.          0.          0.        ]
 [ 0.          0.          0.        ]
 [ 0.          0.          0.        ]
 [ 0.          0.          0.        ]
 [ 0.          0.          0.        ]
 [ 0.          0.          0.        ]
 [ 0.          0.          0.        ]
 [ 0.          0.          0.        ]
 [ 0.          0.          0.        ]
 [ 0.          0.          0.        ]
 [ 0.          0.          0.        ]
 [ 0.          0.          0.        ]
 [ 0.          0.          0.        ]
 [ 0.          0.          0.        ]
 [ 0.          0.          0.        ]
 [ 0.          0.          0.        ]
 [ 0.          0.          0.        ]
 [ 0.          0.          0.        ]
 [ 0.          0.          0.        ]
 [ 0.          0.          0.        ]
 [ 0.          0.          0.        ]
 [ 0.          0.          0.        ]
 [ 0.          0.          0.        ]
 [ 0.          0.          0.        ]
 [ 0.00403397 -0.00379562 -0.00290577]
 [ 0.00079139 -0.00281998 -0.00153261]
 [ 0.          0.          0.        ]
 [ 0.00153348 -0.00103085 -0.00057542]
 [-0.00042937  0.00153133 -0.00094693]
 [ 0.          0.          0.        ]
 [ 0.          0.          0.        ]
 [ 0.          0.          0.        ]
 [ 0.          0.          0.        ]
 [ 0.          0.          0.        ]
 [ 0.          0.          0.        ]
 [ 0.          0.          0.        ]
 [ 0.          0.          0.        ]
 [ 0.          0.          0.        ]
 [ 0.          0.          0.        ]
 [ 0.          0.          0.        ]
 [ 0.          0.          0.        ]
 [ 0.          0.          0.        ]
 [ 0.          0.          0.        ]
 [ 0.          0.          0.        ]
 [ 0.          0.          0.        ]
 [ 0.          0.          0.        ]
 [ 0.          0.          0.        ]
 [ 0.          0.          0.        ]
 [ 0.          0.          0.        ]
 [ 0.          0.          0.        ]
 [ 0.          0.          0.        ]
 [ 0.          0.          0.        ]
 [ 0.          0.          0.        ]
 [ 0.          0.          0.        ]
 [ 0.          0.          0.        ]
 [ 0.          0.          0.        ]
 [ 0.          0.          0.        ]
 [ 0.          0.          0.        ]
 [ 0.          0.          0.        ]
 [ 0.          0.          0.        ]
 [ 0.          0.          0.        ]
 [ 0.          0.          0.        ]
 [ 0.          0.          0.        ]]