78.30318466927497
[[-0.         -0.         -0.        ]
 [-0.         -0.         -0.        ]
 [ 0.00287957 -0.00104545  0.00736246]
 [ 0.01703604 -0.0087438  -0.01545733]
 [-0.         -0.         -0.        ]
 [ 0.0028777   0.00331443 -0.00927295]
 [-0.         -0.         -0.        ]
 [-0.00026649  0.00782208  0.00576502]
 [-0.         -0.         -0.        ]
 [-0.         -0.         -0.        ]
 [-0.         -0.         -0.        ]
 [-0.         -0.         -0.        ]
 [-0.         -0.         -0.        ]
 [-0.         -0.         -0.        ]
 [-0.         -0.         -0.        ]
 [-0.         -0.         -0.        ]
 [-0.         -0.         -0.        ]
 [-0.         -0.         -0.        ]
 [-0.         -0.         -0.        ]
 [-0.         -0.         -0.        ]
 [-0.         -0.         -0.        ]
 [-0.         -0.         -0.        ]
 [-0.         -0.         -0.        ]
 [-0.         -0.         -0.        ]
 [-0.         -0.         -0.        ]
 [-0.         -0.         -0.        ]
 [-0.         -0.         -0.        ]
 [-0.         -0.         -0.        ]
 [-0.         -0.         -0.        ]
 [-0.         -0.         -0.        ]
 [-0.         -0.         -0.        ]
 [-0.         -0.         -0.        ]
 [-0.         -0.         -0.        ]
 [-0.         -0.         -0.        ]
 [-0.00948749  0.00709717 -0.00429222]
 [-0.         -0.         -0.        ]
 [-0.         -0.         -0.        ]
 [-0.         -0.         -0.        ]
 [-0.         -0.         -0.        ]
 [-0.         -0.         -0.        ]
 [-0.         -0.         -0.        ]
 [-0.         -0.         -0.        ]
 [-0.         -0.         -0.        ]
 [-0.         -0.         -0.        ]
 [-0.         -0.         -0.        ]
 [-0.         -0.         -0.        ]
 [-0.         -0.         -0.        ]
 [-0.         -0.         -0.        ]
 [-0.         -0.         -0.        ]
 [-0.         -0.         -0.        ]
 [-0.         -0.         -0.        ]
 [-0.0067846  -0.0026203   0.01104103]
 [-0.         -0.         -0.        ]
 [-0.         -0.         -0.        ]
 [-0.         -0.         -0.        ]
 [-0.         -0.         -0.        ]
 [-0.         -0.         -0.        ]
 [-0.         -0.         -0.        ]
 [-0.         -0.         -0.        ]
 [-0.         -0.         -0.        ]
 [-0.         -0.         -0.        ]
 [-0.         -0.         -0.        ]
 [-0.         -0.         -0.        ]
 [-0.         -0.         -0.        ]
 [-0.         -0.         -0.        ]
 [-0.         -0.         -0.        ]
 [-0.         -0.         -0.        ]
 [-0.         -0.         -0.        ]
 [-0.         -0.         -0.        ]
 [-0.         -0.         -0.        ]
 [-0.         -0.         -0.        ]
 [-0.         -0.         -0.        ]
 [-0.00306296 -0.00259288  0.0028548 ]
 [-0.00319175 -0.00323126  0.00199919]
 [-0.         -0.         -0.        ]
 [-0.         -0.         -0.        ]
 [-0.         -0.         -0.        ]
 [-0.         -0.         -0.        ]
 [-0.         -0.         -0.        ]
 [-0.         -0.         -0.        ]
 [-0.         -0.         -0.        ]
 [-0.         -0.         -0.        ]
 [-0.         -0.         -0.        ]
 [-0.         -0.         -0.        ]
 [-0.         -0.         -0.        ]
 [-0.         -0.         -0.        ]
 [-0.         -0.         -0.        ]
 [-0.         -0.         -0.        ]
 [-0.         -0.         -0.        ]
 [-0.         -0.         -0.        ]
 [-0.         -0.         -0.        ]
 [-0.         -0.         -0.        ]
 [-0.         -0.         -0.        ]
 [-0.         -0.         -0.        ]
 [-0.         -0.         -0.        ]
 [-0.         -0.         -0.        ]
 [-0.         -0.         -0.        ]
 [-0.         -0.         -0.        ]
 [-0.         -0.         -0.        ]
 [-0.         -0.         -0.        ]
 [-0.         -0.         -0.        ]
 [-0.         -0.         -0.        ]
 [-0.         -0.         -0.        ]
 [-0.         -0.         -0.        ]
 [-0.         -0.         -0.        ]
 [-0.         -0.         -0.        ]
 [-0.         -0.         -0.        ]
 [-0.         -0.         -0.        ]
 [-0.         -0.         -0.        ]
 [-0.         -0.         -0.        ]
 [-0.         -0.         -0.        ]
 [-0.         -0.         -0.        ]
 [-0.         -0.         -0.        ]
 [-0.         -0.         -0.        ]
 [-0.         -0.         -0.        ]
 [-0.         -0.         -0.        ]
 [-0.         -0.         -0.        ]
 [-0.         -0.         -0.        ]
 [-0.         -0.         -0.        ]
 [-0.         -0.         -0.        ]
 [-0.         -0.         -0.        ]
 [-0.         -0.         -0.        ]
 [-0.         -0.         -0.        ]
 [-0.         -0.         -0.        ]
 [-0.         -0.         -0.        ]
 [-0.         -0.         -0.        ]
 [-0.         -0.         -0.        ]
 [-0.         -0.         -0.        ]
 [-0.         -0.         -0.        ]
 [-0.         -0.         -0.        ]
 [-0.         -0.         -0.        ]
 [-0.         -0.         -0.        ]
 [-0.         -0.         -0.        ]
 [-0.         -0.         -0.        ]
 [-0.         -0.         -0.        ]
 [-0.         -0.         -0.        ]
 [-0.         -0.         -0.        ]
 [-0.         -0.         -0.        ]
 [-0.         -0.         -0.        ]
 [-0.         -0.         -0.        ]
 [-0.         -0.         -0.        ]
 [-0.         -0.         -0.        ]
 [-0.         -0.         -0.        ]
 [-0.         -0.         -0.        ]
 [-0.         -0.         -0.        ]
 [-0.         -0.         -0.        ]
 [-0.         -0.         -0.        ]
 [-0.         -0.         -0.        ]
 [-0.         -0.         -0.        ]
 [-0.         -0.         -0.        ]
 [-0.         -0.         -0.        ]]