78.29957508042581
[[-0.00000000e+00 -0.00000000e+00 -0.00000000e+00]
 [-0.00000000e+00 -0.00000000e+00 -0.00000000e+00]
 [ 3.69992494e-03  5.82609548e-03  5.88715020e-03]
 [ 1.34011502e-02 -9.50731810e-03 -1.84033382e-02]
 [ 8.26574946e-03 -2.56391087e-03  3.19711681e-03]
 [-0.00000000e+00 -0.00000000e+00 -0.00000000e+00]
 [-0.00000000e+00 -0.00000000e+00 -0.00000000e+00]
 [ 5.73969689e-03  6.26586612e-03 -1.02211246e-04]
 [-0.00000000e+00 -0.00000000e+00 -0.00000000e+00]
 [-0.00000000e+00 -0.00000000e+00 -0.00000000e+00]
 [-0.00000000e+00 -0.00000000e+00 -0.00000000e+00]
 [-0.00000000e+00 -0.00000000e+00 -0.00000000e+00]
 [-0.00000000e+00 -0.00000000e+00 -0.00000000e+00]
 [-0.00000000e+00 -0.00000000e+00 -0.00000000e+00]
 [-0.00000000e+00 -0.00000000e+00 -0.00000000e+00]
 [-0.00000000e+00 -0.00000000e+00 -0.00000000e+00]
 [-0.00000000e+00 -0.00000000e+00 -0.00000000e+00]
 [-0.00000000e+00 -0.00000000e+00 -0.00000000e+00]
 [-0.00000000e+00 -0.00000000e+00 -0.00000000e+00]
 [-0.00000000e+00 -0.00000000e+00 -0.00000000e+00]
 [-0.00000000e+00 -0.00000000e+00 -0.00000000e+00]
 [-0.00000000e+00 -0.00000000e+00 -0.00000000e+00]
 [-0.00000000e+00 -0.00000000e+00 -0.00000000e+00]
 [-0.00000000e+00 -0.00000000e+00 -0.00000000e+00]
 [-0.00000000e+00 -0.00000000e+00 -0.00000000e+00]
 [-0.00000000e+00 -0.00000000e+00 -0.00000000e+00]
 [-0.00000000e+00 -0.00000000e+00 -0.00000000e+00]
 [-0.00000000e+00 -0.00000000e+00 -0.00000000e+00]
 [-0.00000000e+00 -0.00000000e+00 -0.00000000e+00]
 [-0.00000000e+00 -0.00000000e+00 -0.00000000e+00]
 [-0.00000000e+00 -0.00000000e+00 -0.00000000e+00]
 [-0.00000000e+00 -0.00000000e+00 -0.00000000e+00]
 [-0.00000000e+00 -0.00000000e+00 -0.00000000e+00]
 [-0.00000000e+00 -0.00000000e+00 -0.00000000e+00]
 [ 8.95107493e-03  8.77603134e-03  4.22049937e-05]
 [-0.00000000e+00 -0.00000000e+00 -0.00000000e+00]
 [-0.00000000e+00 -0.00000000e+00 -0.00000000e+00]
 [-0.00000000e+00 -0.00000000e+00 -0.00000000e+00]
 [-1.60446274e-02  1.21561255e-02  1.48790312e-02]
 [-1.19233906e-02 -1.88643950e-02 -1.22565096e-02]
 [-0.00000000e+00 -0.00000000e+00 -0.00000000e+00]
 [-0.00000000e+00 -0.00000000e+00 -0.00000000e+00]
 [-0.00000000e+00 -0.00000000e+00 -0.00000000e+00]
 [-0.00000000e+00 -0.00000000e+00 -0.00000000e+00]
 [-0.00000000e+00 -0.00000000e+00 -0.00000000e+00]
 [-0.00000000e+00 -0.00000000e+00 -0.00000000e+00]
 [-0.00000000e+00 -0.00000000e+00 -0.00000000e+00]
 [-0.00000000e+00 -0.00000000e+00 -0.00000000e+00]
 [-0.00000000e+00 -0.00000000e+00 -0.00000000e+00]
 [-0.00000000e+00 -0.00000000e+00 -0.00000000e+00]
 [-0.00000000e+00 -0.00000000e+00 -0.00000000e+00]
 [-1.20895784e-02 -2.08849446e-03  6.75655583e-03]
 [-0.00000000e+00 -0.00000000e+00 -0.00000000e+00]
 [-0.00000000e+00 -0.00000000e+00 -0.00000000e+00]
 [-0.00000000e+00 -0.00000000e+00 -0.00000000e+00]
 [-0.00000000e+00 -0.00000000e+00 -0.00000000e+00]
 [-0.00000000e+00 -0.00000000e+00 -0.00000000e+00]
 [-0.00000000e+00 -0.00000000e+00 -0.00000000e+00]
 [-0.00000000e+00 -0.00000000e+00 -0.00000000e+00]
 [-0.00000000e+00 -0.00000000e+00 -0.00000000e+00]
 [-0.00000000e+00 -0.00000000e+00 -0.00000000e+00]
 [-0.00000000e+00 -0.00000000e+00 -0.00000000e+00]
 [-0.00000000e+00 -0.00000000e+00 -0.00000000e+00]
 [-0.00000000e+00 -0.00000000e+00 -0.00000000e+00]
 [-0.00000000e+00 -0.00000000e+00 -0.00000000e+00]
 [-0.00000000e+00 -0.00000000e+00 -0.00000000e+00]
 [-0.00000000e+00 -0.00000000e+00 -0.00000000e+00]
 [-0.00000000e+00 -0.00000000e+00 -0.00000000e+00]
 [-0.00000000e+00 -0.00000000e+00 -0.00000000e+00]
 [-0.00000000e+00 -0.00000000e+00 -0.00000000e+00]
 [-0.00000000e+00 -0.00000000e+00 -0.00000000e+00]
 [-0.00000000e+00 -0.00000000e+00 -0.00000000e+00]
 [-0.00000000e+00 -0.00000000e+00 -0.00000000e+00]
 [-0.00000000e+00 -0.00000000e+00 -0.00000000e+00]
 [-0.00000000e+00 -0.00000000e+00 -0.00000000e+00]
 [-0.00000000e+00 -0.00000000e+00 -0.00000000e+00]
 [-0.00000000e+00 -0.00000000e+00 -0.00000000e+00]
 [-0.00000000e+00 -0.00000000e+00 -0.00000000e+00]
 [-0.00000000e+00 -0.00000000e+00 -0.00000000e+00]
 [-0.00000000e+00 -0.00000000e+00 -0.00000000e+00]
 [-0.00000000e+00 -0.00000000e+00 -0.00000000e+00]
 [-0.00000000e+00 -0.00000000e+00 -0.00000000e+00]
 [-0.00000000e+00 -0.00000000e+00 -0.00000000e+00]
 [-0.00000000e+00 -0.00000000e+00 -0.00000000e+00]
 [-0.00000000e+00 -0.00000000e+00 -0.00000000e+00]
 [-0.00000000e+00 -0.00000000e+00 -0.00000000e+00]
 [-0.00000000e+00 -0.00000000e+00 -0.00000000e+00]
 [-0.00000000e+00 -0.00000000e+00 -0.00000000e+00]
 [-0.00000000e+00 -0.00000000e+00 -0.00000000e+00]
 [-0.00000000e+00 -0.00000000e+00 -0.00000000e+00]
 [-0.00000000e+00 -0.00000000e+00 -0.00000000e+00]
 [-0.00000000e+00 -0.00000000e+00 -0.00000000e+00]
 [-0.00000000e+00 -0.00000000e+00 -0.00000000e+00]
 [-0.00000000e+00 -0.00000000e+00 -0.00000000e+00]
 [-0.00000000e+00 -0.00000000e+00 -0.00000000e+00]
 [-0.00000000e+00 -0.00000000e+00 -0.00000000e+00]
 [-0.00000000e+00 -0.00000000e+00 -0.00000000e+00]
 [-0.00000000e+00 -0.00000000e+00 -0.00000000e+00]
 [-0.00000000e+00 -0.00000000e+00 -0.00000000e+00]
 [-0.00000000e+00 -0.00000000e+00 -0.00000000e+00]
 [-0.00000000e+00 -0.00000000e+00 -0.00000000e+00]
 [-0.00000000e+00 -0.00000000e+00 -0.00000000e+00]
 [-0.00000000e+00 -0.00000000e+00 -0.00000000e+00]
 [-0.00000000e+00 -0.00000000e+00 -0.00000000e+00]
 [-0.00000000e+00 -0.00000000e+00 -0.00000000e+00]
 [-0.00000000e+00 -0.00000000e+00 -0.00000000e+00]
 [-0.00000000e+00 -0.00000000e+00 -0.00000000e+00]
 [-0.00000000e+00 -0.00000000e+00 -0.00000000e+00]
 [-0.00000000e+00 -0.00000000e+00 -0.00000000e+00]
 [-0.00000000e+00 -0.00000000e+00 -0.00000000e+00]
 [-0.00000000e+00 -0.00000000e+00 -0.00000000e+00]
 [-0.00000000e+00 -0.00000000e+00 -0.00000000e+00]
 [-0.00000000e+00 -0.00000000e+00 -0.00000000e+00]
 [-0.00000000e+00 -0.00000000e+00 -0.00000000e+00]
 [-0.00000000e+00 -0.00000000e+00 -0.00000000e+00]
 [-0.00000000e+00 -0.00000000e+00 -0.00000000e+00]
 [-0.00000000e+00 -0.00000000e+00 -0.00000000e+00]
 [-0.00000000e+00 -0.00000000e+00 -0.00000000e+00]
 [-0.00000000e+00 -0.00000000e+00 -0.00000000e+00]
 [-0.00000000e+00 -0.00000000e+00 -0.00000000e+00]
 [-0.00000000e+00 -0.00000000e+00 -0.00000000e+00]
 [-0.00000000e+00 -0.00000000e+00 -0.00000000e+00]
 [-0.00000000e+00 -0.00000000e+00 -0.00000000e+00]
 [-0.00000000e+00 -0.00000000e+00 -0.00000000e+00]
 [-0.00000000e+00 -0.00000000e+00 -0.00000000e+00]
 [-0.00000000e+00 -0.00000000e+00 -0.00000000e+00]
 [-0.00000000e+00 -0.00000000e+00 -0.00000000e+00]
 [-0.00000000e+00 -0.00000000e+00 -0.00000000e+00]
 [-0.00000000e+00 -0.00000000e+00 -0.00000000e+00]
 [-0.00000000e+00 -0.00000000e+00 -0.00000000e+00]
 [-0.00000000e+00 -0.00000000e+00 -0.00000000e+00]
 [-0.00000000e+00 -0.00000000e+00 -0.00000000e+00]
 [-0.00000000e+00 -0.00000000e+00 -0.00000000e+00]
 [-0.00000000e+00 -0.00000000e+00 -0.00000000e+00]
 [-0.00000000e+00 -0.00000000e+00 -0.00000000e+00]
 [-0.00000000e+00 -0.00000000e+00 -0.00000000e+00]
 [-0.00000000e+00 -0.00000000e+00 -0.00000000e+00]
 [-0.00000000e+00 -0.00000000e+00 -0.00000000e+00]
 [-0.00000000e+00 -0.00000000e+00 -0.00000000e+00]
 [-0.00000000e+00 -0.00000000e+00 -0.00000000e+00]
 [-0.00000000e+00 -0.00000000e+00 -0.00000000e+00]
 [-0.00000000e+00 -0.00000000e+00 -0.00000000e+00]
 [-0.00000000e+00 -0.00000000e+00 -0.00000000e+00]
 [-0.00000000e+00 -0.00000000e+00 -0.00000000e+00]
 [-0.00000000e+00 -0.00000000e+00 -0.00000000e+00]
 [-0.00000000e+00 -0.00000000e+00 -0.00000000e+00]
 [-0.00000000e+00 -0.00000000e+00 -0.00000000e+00]
 [-0.00000000e+00 -0.00000000e+00 -0.00000000e+00]
 [-0.00000000e+00 -0.00000000e+00 -0.00000000e+00]
 [-0.00000000e+00 -0.00000000e+00 -0.00000000e+00]
 [-0.00000000e+00 -0.00000000e+00 -0.00000000e+00]]