[[-5.87566948978e+00 -6.63736092466e+00 -5.84341136698e+00]
 [-6.05477844781e+00 -3.16648392840e+00 -2.54481570212e+00]
 [-2.63991388061e+00 -3.10587155076e+00 -5.84853870952e+00]
 [-2.65404347875e+00  4.09083482432e-02 -2.19962686534e+00]
 [-5.39413923101e-01 -4.89921861093e+00 -1.12140690123e+00]
 [-4.25351128581e+00 -4.85986329426e+00 -4.17398083153e+00]
 [-4.61026451439e+00 -1.71270056879e+00 -4.02510691943e-01]
 [-9.50357861470e-01 -1.45535781554e+00 -4.13915198896e+00]
 [-2.35258648953e+00 -6.48015708789e+00 -2.59714143937e+00]
 [-6.91247210892e+00 -5.63922981173e+00  9.39140457551e-01]
 [-6.03449670579e+00 -2.69887463025e+00  4.43778664506e+00]
 [-2.50636848984e+00  4.31918027629e-01  4.32942548961e+00]
 [-1.04149147790e+00 -4.97021283703e+00  5.29456260119e+00]
 [-4.79949842529e+00 -3.87529731951e+00  2.02681305343e+00]
 [-4.18370985850e+00 -1.17577582441e+00  6.06931424822e+00]
 [-7.07270889974e-01 -1.18741147623e+00  2.66225298737e+00]
 [-2.82970808755e+00 -5.84165429682e+00  3.13592889585e+00]
 [-6.27820600484e+00  4.13132448794e-02 -5.53667074566e+00]
 [-6.13301273677e+00  3.51059816733e+00 -2.25662097585e+00]
 [-2.90223592332e+00  3.39316533571e+00 -5.70332529339e+00]
 [-2.88029240776e+00  7.01047188190e+00 -2.57743357668e+00]
 [-9.50702198612e-01  1.98058208314e+00 -7.39853115076e-01]
 [-4.50279688349e+00  1.69117125238e+00 -3.89413233253e+00]
 [-4.42370708843e+00  5.34088443219e+00 -7.51220585003e-01]
 [-1.21269881357e+00  5.27083943424e+00 -4.22099923798e+00]
 [-6.12806157283e+00  4.64405192958e-01  8.91121521567e-01]
 [-6.03943823748e+00  3.75069803238e+00  4.31963425444e+00]
 [-2.64182614857e+00  3.73299608997e+00  9.36005131488e-01]
 [-2.55695069185e+00  7.22159487331e+00  4.28532788561e+00]
 [-8.03514572737e-01  2.18455057661e+00  5.96762466513e+00]
 [-4.32760854037e+00  2.05872972633e+00  2.64240618305e+00]
 [-4.61531289943e+00  5.81266383260e+00  5.82369724570e+00]
 [-9.44500400715e-01  5.46546497377e+00  2.58200710642e+00]
 [ 1.30038517880e+00 -6.41040474590e+00 -6.24920222214e+00]
 [ 9.71002687898e-01 -3.11065351888e+00 -2.66882678426e+00]
 [ 4.41566991142e+00 -2.81185458275e+00 -6.14490731609e+00]
 [ 4.19441148546e+00  5.01298158890e-01 -2.64751206066e+00]
 [ 6.12194071397e+00 -4.65106649948e+00 -8.89553597339e-01]
 [ 2.80295549338e+00 -4.61401393308e+00 -4.48848087492e+00]
 [ 2.59661747009e+00 -1.31611686457e+00 -9.15203242488e-01]
 [ 5.93251751632e+00 -9.42122325590e-01 -4.51171552112e+00]
 [ 4.65607741992e+00 -6.22515907481e+00 -2.86608521116e+00]
 [ 1.07859015858e+00 -6.44462329180e+00  5.54357804668e-01]
 [ 8.71111051576e-01 -3.12923601645e+00  4.11067987879e+00]
 [ 4.36426957838e+00 -2.98306925809e+00  7.65962476391e-01]
 [ 4.25363084950e+00  3.44768739044e-01  4.29044453476e+00]
 [ 5.88953572729e+00 -5.44352892881e+00  6.11453680123e+00]
 [ 2.64779513714e+00 -4.75295213006e+00  2.38211447190e+00]
 [ 2.55339600652e+00 -1.49732712730e+00  5.88549751000e+00]
 [ 5.96106603528e+00 -1.27123759571e+00  2.52691491208e+00]
 [ 4.24541520677e+00 -6.61929700529e+00  4.01699045902e+00]
 [ 5.84100242533e-01  3.65187109855e-01 -5.84350489618e+00]
 [ 6.22285526478e-01  3.72595947268e+00 -2.53070923666e+00]
 [ 3.79276032093e+00  3.87327216110e+00 -6.10761089357e+00]
 [ 3.88908593273e+00  7.29647404664e+00 -2.59533537792e+00]
 [ 5.84305066072e+00  2.24800733237e+00 -9.62546127422e-01]
 [ 2.32718047907e+00  2.11341330021e+00 -4.27825447928e+00]
 [ 2.34244234062e+00  5.47262435585e+00 -8.99570687458e-01]
 [ 5.33947629470e+00  5.95223598945e+00 -4.75696059825e+00]
 [ 8.93298156146e-01  3.91248002638e-01  8.65801707431e-01]
 [ 8.69036728642e-01  3.86242929588e+00  4.25555295989e+00]
 [ 4.17845415629e+00  3.88823801639e+00  7.98143085961e-01]
 [ 4.21793025416e+00  7.36975524503e+00  4.16993836694e+00]
 [ 5.95392440361e+00  1.82431315184e+00  6.16072102019e+00]
 [ 2.58814410995e+00  2.13550288012e+00  2.57427992281e+00]
 [ 2.50477576977e+00  5.70286335052e+00  5.85178225116e+00]
 [ 5.82994727546e+00  5.75282500050e+00  2.34775681112e+00]
 [-7.18521205374e+00 -5.55321560915e+00 -6.99245250145e+00]
 [-6.96148435921e+00 -7.93262207146e+00 -4.67995590894e+00]
 [-4.68458888040e+00 -7.74206098346e+00 -7.09620811269e+00]
 [-7.55339388652e+00 -4.33458724963e+00 -1.77867414666e+00]
 [-6.97235276551e+00 -1.83267763380e+00 -3.81245715394e+00]
 [-3.84888118060e+00 -1.91329068613e+00 -7.00518916222e+00]
 [-1.46503278350e+00 -4.21650849738e+00 -7.11715880588e+00]
 [-3.37441000927e+00 -7.65197690360e+00 -1.24280590302e+00]
 [-1.36910961879e+00 -7.75632442254e+00 -3.89977241434e+00]
 [-8.47296560487e+00 -4.55200177338e+00  1.75839278636e-01]
 [-7.66637722382e+00 -6.86062154881e+00  2.40169017015e+00]
 [-6.16658946923e+00 -6.82846573999e+00 -5.57792173781e-01]
 [-6.75077869537e+00 -4.26560250179e+00  5.55574562537e+00]
 [-7.65753754385e+00 -1.54555049197e+00  3.92897192137e+00]
 [-7.39294446695e-02 -6.62351564850e+00  6.04241271726e+00]
 [-2.11019736256e+00 -4.11944292088e+00  6.83157047325e+00]
 [-5.23038711999e+00  7.20887774091e-02  7.32226241951e+00]
 [-4.00437847762e+00 -7.33351927737e+00  3.91491831227e+00]
 [-1.71240670978e+00 -6.70385794692e+00  1.63831177691e+00]
 [-7.36141204018e+00  1.22097343606e+00 -6.81737809229e+00]
 [-7.59529795483e+00 -1.01172373179e+00 -4.36625941564e+00]
 [-5.20302001850e+00 -1.30352232726e+00 -6.65353424916e+00]
 [-7.33093673532e+00  2.44517843967e+00 -9.68843018519e-01]
 [-7.36816387731e+00  4.58321139521e+00 -3.50172030903e+00]
 [-4.18564187305e+00  4.45344179791e+00 -6.90980243160e+00]
 [-1.73833534437e+00  2.22371585185e+00 -6.93069568185e+00]
 [-1.70477729735e+00  8.32125054242e+00 -1.51529618924e+00]
 [-4.14122054178e+00  8.11843228624e+00 -3.76480577000e+00]
 [-5.58965403754e+00  6.52361512933e+00  4.66871305253e-01]
 [-1.16342444337e-01  6.39726798034e+00 -5.55206430030e+00]
 [-7.70511393809e+00 -2.66884633833e-01  1.98034416139e+00]
 [-6.92289957654e+00  1.74472565099e+00 -5.05336457272e-01]
 [-7.07423644673e+00  2.55675024934e+00  5.63616589787e+00]
 [-7.43642533686e+00  4.65952012632e+00  3.11523101092e+00]
 [-1.30193043957e+00  8.17161009219e+00  5.60886239609e+00]
 [-3.42821365447e+00  8.68914910405e+00  3.13794260459e+00]
 [ 3.67928387551e-01  1.02702720333e+00  7.19876100095e+00]
 [-3.76537502169e+00  4.98655306838e+00  7.50420598543e+00]
 [-5.99536324390e+00  7.19256370486e+00  6.47406226022e+00]
 [ 1.74043926478e-01  6.65505785873e+00  1.32570259046e+00]
 [-8.16316992613e-04 -5.35037490932e+00 -7.43012800776e+00]
 [ 2.14680112562e-01 -7.76601732452e+00 -5.15654728518e+00]
 [ 2.58043758590e+00 -7.44699954622e+00 -7.47186462195e+00]
 [ 3.21889905194e+00 -1.77922192674e+00 -7.45998659998e+00]
 [ 5.71153573027e+00 -3.95252715998e+00 -7.26075398453e+00]
 [ 7.51748769983e+00 -3.47505191587e+00 -1.83770145174e+00]
 [ 7.14956604471e+00 -5.93547595530e+00  3.44694894126e-01]
 [ 6.84728867586e+00  4.37638665030e-01 -5.73038830875e+00]
 [ 3.62703535631e+00 -7.73328853663e+00 -1.92000103649e+00]
 [ 6.01045078582e+00 -7.11899425243e+00 -4.12895798560e+00]
 [ 2.37892093906e+00 -7.64919336674e+00 -5.18547291135e-01]
 [-1.47131473125e-01 -7.68727197616e+00  1.64932501020e+00]
 [ 6.96848240972e+00 -6.90934084805e+00  7.06197570275e+00]
 [ 4.72850231942e+00 -4.49276275563e+00  7.51508213513e+00]
 [ 7.20707240625e+00 -4.07253941905e+00  5.34090649030e+00]
 [ 1.37873616823e+00 -4.21218933111e-01  7.18542711933e+00]
 [ 7.16806288567e+00 -4.33625658712e-02  1.40355775668e+00]
 [ 2.95978435755e+00 -7.97100580436e+00  4.88316989552e+00]
 [ 5.46168190864e+00 -7.69372181328e+00  2.75352836679e+00]
 [-6.85424776218e-01  1.51454619438e+00 -6.97987461233e+00]
 [ 1.71422244878e+00 -7.62732671629e-01 -7.13783508426e+00]
 [ 2.44858809132e+00  4.76562301888e+00 -7.38215737073e+00]
 [ 5.05690390463e+00  2.73872799076e+00 -7.26710817588e+00]
 [ 2.64018619924e+00  8.72699391726e+00 -3.38501026394e+00]
 [ 5.25357438461e+00  8.28572172039e+00 -1.41662950655e+00]
 [ 7.13383326217e+00  1.10115227157e+00  1.53900033348e-01]
 [ 1.14007480992e+00  6.61658777448e+00  3.21362473137e-01]
 [ 5.88032866820e+00  7.36198070240e+00 -6.15404186935e+00]
 [ 7.08138727437e+00  5.14916449514e+00 -4.01545892502e+00]
 [ 5.46043811376e+00  8.49246756763e+00  5.36461586620e+00]
 [ 3.05631341763e+00  8.67850414920e+00  3.08962498744e+00]
 [ 7.04246374774e+00  3.26628419087e+00  5.18663740495e+00]
 [ 3.66481818143e+00  4.63720521191e+00  7.17441612402e+00]
 [ 1.26199693704e+00  6.90762084449e+00  6.96199407878e+00]
 [ 6.85233779666e+00  6.98202512786e+00  1.05492270056e+00]
 [ 7.22955895786e+00  4.70096370259e+00  3.42757344778e+00]
 [-3.05172264249e+00 -2.42566882786e+00  7.24464289860e+00]
 [-1.98258185796e+00  3.36793881332e+00  7.16570938616e+00]
 [ 7.41712192884e+00 -1.94012019842e+00 -3.49755100932e+00]
 [ 3.78443190305e+00 -2.69987727356e+00  7.01250198803e+00]
 [ 7.18772635589e+00 -2.45419326007e+00  3.67704246911e+00]
 [ 6.98267933447e+00  3.47078211476e+00 -2.15936366124e+00]
 [ 4.82247442194e+00  2.74522849212e+00  7.60376951926e+00]
 [ 7.26399727836e+00  5.47938420651e-01  7.08826560574e+00]]